"Therm10kdegC" -50 3678.24852432322 50 295.805299389531 0.2 -80 99 1
 4038.25110864745
 4033.80753138075
 4029.05797101449
 4023.9802289282 
 4018.57222844345
 4012.77108433735
 4006.5932642487 
 4000.03246753247
 3992.98206278027
 3985.56654195617
 3977.59747706422
 3969.15488629379
 3960.20737327189
 3950.70824524313
 3940.58823529412
 3929.87903225806
 3918.64341085271
 3906.63753449862
 3893.94933228594
 3880.57964184731
 3866.45886817725
 3851.56877897991
 3835.88838268793
 3819.35379644588
 3801.99771036062
 3783.73517786561
 3764.54486765655
 3744.46070878274
 3723.40290381125
 3701.32570659489
 3678.24852432322
 3654.20344456405
 3629.02366863905
 3602.8125 -47
 3575.46181172291
 3547.10061546695
 3517.58883248731
 3486.89189189189
 3455.15625 -42
 3422.36530880421
 3388.47826086957
 3353.15217391304
 3317.07446808511
 3279.58781362007
 3241.16346955797
 3201.67539267016
 3161.34746922025
 3120 -33
 3077.35586481113
 3034.11917098446
 2989.43844492441
 2944.07251264755
 2898.33138515488
 2851.07533414338
 2804.01639344262
 2755.88947024199
 2706.77028951115
 2657.45173067472
 2607.63983728026
 2557.37608891559
 2506.68256923435
 2455.81979024898
 2404.66729959548
 2353.48430722123
 2302.09281961471
 2250.73770491803
 2199.34219053791
 2148.15203955501
 2097.04918032787
 2046.27076245747
 1995.86118515481
 1945.84496693608
 1895.98807861669
 1846.72943889316
 1798.05137985192
 1749.90779979384
 1702.22215729812
 1655.4670558799 
 1609.26490227024
 1563.78476943998
 1519.20430242798
 1475.03838771593
 1432.10495513071
 1389.887039239 3
 1348.52112676056
 1307.76885379799
 1268.1326798288 
 1229.35969209237
 1191.56834940442
 1154.45713054718
 1118.54993458352
 1083.08473080318
 1049.03153823267
 1015.5895623402 
 982.824897400821
 951.287425149701
 920.581395348837
 890.774647887324
 861.935101847466
 834.130434782609
 806.371667202056
 780.284118504128
 754.324522760646
 729.615384615385
 705.660486674392
 682.5 25
 659.885496183206
 637.961824843399
 616.820374743065
 596.375527570357
 576.596040828951
 557.508638562543
 539.016047517324
 521.140231449966
 503.902764136383
 487.197631801522
 471.106194690266
 455.517615272495
 440.446756862885
 425.973927067467
 411.916103036408
 398.417646103017
 385.290435381298
 372.678798676508
 360.526109398654
 348.773671210319
 337.360843472995
 326.433251734737
 315.860480998173
 305.64904780412 
 295.805299389531
 286.264555973064
 277.102966678476
 268.183313397129
 259.652992413599
 251.373193166886
 243.419864559819
 235.724544803408
 228.29052726998 
 221.121012600749
 214.219105382866
 207.514002544191
 201.081929177285
 194.777130121721
 188.824522578553
 183.00320984352 
 177.389407622838
 171.909812036558
 166.716357775987
 161.660263183172
 156.742642815926
 152.040517639809
 147.479370710265
 143.060220034742
 138.784055338718
 134.651837524178
 130.664498141264
 126.8229388736 7
 123.050980620381
 119.503426984836
 116.026856854133
 112.621659470183
 109.365802382621
 106.260032728123
 103.227243483516
 100.267778753292
 97.3819750868835
 94.6483207314929
 91.989188449432 
 89.4048830111902
 86.8957011980268
 84.4619317180185
 82.1038551241597
 79.821743734557 
 77.615861554762 
 75.4864642022812
 73.4337988333039
 71.4581040716868
 69.4804671372117
 67.6593233674272
