0  467.908 0.978811 119.322 -0.614974  468.038 0.952872 128.449 -0.644422  468.151 0.974085 115.148 -0.109071  467.921 0.956406 121.668 -0.180806  
1  467.764 0.995614 172.705 0.118886  467.654 0.966846 161.516 -0.0132744  468.079 0.972215 127.494 0.0962124  467.11 0.961279 174.722 1.37657  
2  467.926 0.986622 130.243 -0.255842  467.874 0.955392 131.987 -0.177237  467.736 0.967214 160.226 0.176968  467.601 0.945134 177.871 0.103149  
3  467.793 0.966948 166.475 0.0551348  467.678 0.945882 185.972 -0.00191808  467.68 0.946665 172.306 0.319637  467.819 0.927739 124.038 0.00257302  
4  467.694 0.993651 176.401 0.0639163  467.19 0.963009 174.26 1.02293  467.392 0.981765 135.286 -0.186708  466.929 0.962281 179.516 1.63077  
5  467.613 0.963185 178.318 -0.0037088  467.979 0.95452 123.661 -0.385545  467.556 0.968992 161.083 1.07397  467.559 0.939238 129.292 1.07438  
6  467.955 0.970484 138.978 0.298781  466.886 0.962121 182.652 1.72536  468.006 0.970825 133.232 0.261263  467.719 0.949278 152.952 -0.707632  
7  467.669 0.984997 132.402 -0.143991  467.588 0.968542 168.636 -0.11127  468.097 0.974179 121.492 -0.156182  468.113 0.953176 124.573 -0.768056  
8  467.911 0.974659 131.546 0.00174047  467.703 0.945341 183.99 -0.00345842  467.94 0.949662 150.479 0.408917  467.8 0.933318 128.965 -0.125163  
9  467.529 0.983988 133.156 -0.0286107  467.458 0.964553 167.242 0.426615  467.705 0.95962 137.669 -0.653906  467.837 0.937701 124.039 0.271851  
10  467.938 0.975978 119.986 -0.218909  467.895 0.954142 126.3 -0.315641  467.989 0.976737 116.3 -0.39255  468.152 0.950914 131.307 -1.1321  
11  467.602 0.98053 142.041 -0.340144  467.055 0.961601 171.077 1.38943  467.904 0.954051 134.292 -0.0571686  467.682 0.945773 176.442 -0.00483018  
12  468.05 0.975527 117.277 -0.244401  467.517 0.945472 174.495 0.325074  467.771 0.965756 174.557 0.0991938  467.853 0.926078 119.901 -0.436182  
13  467.76 0.969343 148.564 0.672079  467.629 0.945902 185.312 -0.00262571  467.526 0.959968 132.825 -0.745653  467.478 0.932982 136.629 0.507968  
14  467.943 0.973135 132.544 -0.030715  467.623 0.945078 184.244 0.106356  467.406 0.961417 170.85 -0.0868607  467.6 0.945407 179.99 0.105854  
15  467.763 0.969397 152.969 0.709028  467.516 0.948276 168.66 -0.14606  467.381 0.960375 148.026 -0.535515  467.49 0.944381 175.368 0.423676  
16  468.009 0.971781 137.424 0.0511166  468.01 0.949956 148.41 -1.18298  467.151 0.960875 155.181 -0.3796  467.548 0.947417 177.797 0.0938272  
17  467.872 0.977718 127.318 -0.139032  467.986 0.953564 124.766 -0.531746  467.749 0.967447 169.427 0.151159  467.43 0.944298 182.06 0.541791  
18  467.581 0.967788 155.486 0.460023  467.522 0.963118 176.005 0.404374  467.646 0.968753 147.043 0.66549  468.32 0.952502 117.834 -1.24393  
19  467.88 0.984528 134.168 -0.0924707  467.611 0.947267 170.613 -0.0180991  467.08 0.961015 159.371 -0.330468  467.652 0.946008 177.115 0.107661  
20  468.053 0.971646 130.24 0.21939  467.507 0.948358 195.177 -0.0803714  467.742 0.964699 175.693 0.162526  466.997 0.933174 133.233 1.50492  
21  467.96 0.971731 131.21 0.102477  467.852 0.936507 126.549 -0.000726602  467.942 0.958718 122.76 -0.817473  468.13 0.923212 126.265 -0.993259  
22  467.924 0.970047 142.477 0.337477  468.104 0.952085 131.943 -0.841832  467.632 0.966507 167.478 0.293445  467.651 0.935174 128.27 0.276604  
23  467.935 0.97821 123.947 -0.36428  466.713 0.94174 180.787 2.05334  467.652 0.968411 158.97 0.463433  466.508 0.940777 155.831 2.90294  
24  467.592 0.980372 129.579 -0.546662  467.917 0.952469 129.435 -0.40945  467.5 0.980372 125.957 -0.820031  467.408 0.960257 147.093 1.11757  
25  467.657 0.962681 186.443 -0.00362626  468.089 0.95078 135.315 -0.99771  467.04 0.960979 163.639 -0.343955  467.626 0.948431 161.774 -0.101913  
26  467.165 0.962728 173.916 0.0328554  467.942 0.954224 130.387 -0.383488  466.926 0.961511 165.619 -0.127878  467.207 0.940059 136.684 1.6018  
27  467.672 0.968009 158.993 0.35993  467.832 0.958814 128.056 0.484922  467.794 0.959316 133.058 -0.672063  468.25 0.95077 130.822 -1.44308  
28  468.007 0.972852 122.962 0.0134763  467.574 0.966801 155.39 0.0667253  467.969 0.957198 129.563 -0.329841  467.531 0.945567 171.331 0.100103  
29  467.843 0.976082 131.609 -0.082236  468.006 0.95303 124.658 -0.552072  467.913 0.953473 134.126 -0.0379049  467.89 0.935623 121.835 -0.127874  
30  467.791 0.976364 137.039 0.0640608  468.109 0.95029 138.796 -1.2584  467.967 0.958026 129.743 -0.473727  467.508 0.948004 176.278 0.0541973  
31  467.899 0.973966 128.988 0.0275761  467.607 0.945957 171.087 0.103447  467.663 0.965842 165.256 0.140789  468.132 0.933228 117.853 -0.757271  
32  467.869 0.975425 131.959 -0.00235228  467.912 0.954343 125.688 -0.281552  467.74 0.980185 124.297 -0.269937  467.351 0.943953 183.62 0.649267  
33  467.667 0.980096 124.744 -0.453389  467.758 0.958822 131.713 0.436319  467.848 0.9591 128.245 -0.739724  466.874 0.940087 135.134 2.56787  
34  467.67 0.968633 168.891 0.425433  467.408 0.96268 173.721 0.640935  467.676 0.967029 164.504 0.207699  467.566 0.948553 165.584 -0.193015  
35  468.044 0.988479 126.927 -0.817616  466.568 0.961032 156.464 2.84878  467.826 0.984717 131.743 -0.124482  467.332 0.963421 179.27 0.784825  
36  467.683 0.966275 174.856 0.0925265  468.172 0.95134 133.341 -1.08725  467.683 0.967964 174.455 0.305922  467.573 0.948079 174.323 -0.0634912  
37  468.044 0.971313 137.298 0.18652  467.98 0.954282 122.271 -0.394875  467.278 0.961231 162.257 -0.172437  467.997 0.953722 124.468 -0.489976  
38  467.963 0.970947 136.75 0.110509  467.726 0.949358 161.462 -0.756144  467.202 0.960875 168.021 -0.294891  467.628 0.945145 174.167 0.100563  
39  467.426 0.960348 150.903 -0.489651  467.577 0.948995 183.707 -0.293967  467.788 0.955169 138.466 0.0647542  467.093 0.940339 153.767 1.69722  
40  467.636 0.98014 129.282 -0.495767  467.417 0.960031 142.867 1.21537  467.933 0.96986 140.769 0.611606  468.135 0.951955 131.552 -0.922272  
41  467.958 0.973495 134.675 -0.035931  467.789 0.978166 122.664 -0.0195704  468 0.971015 139.084 0.12683  467.519 0.959915 137.907 1.02305  
42  467.874 0.975003 134.495 -0.000584059  467.316 0.943085 178.904 0.723871  467.821 0.959256 139.958 -0.593414  467.566 0.931307 125.963 0.361339  
43  467.852 0.984949 127.272 -0.0674958  467.884 0.955685 126.89 -0.210124  468.276 0.972192 120.963 0.14318  466.914 0.96164 170.924 1.74918  
44  467.931 0.978118 125.121 -0.340359  467.437 0.959911 133.056 1.43676  468.065 0.972046 126.221 0.105436  467.943 0.954232 127.17 -0.362902  
45  467.474 0.991802 160.009 -0.0945202  457.93 0.973505 125.221 -0.128382  467.915 0.977506 124.419 -0.316503  467.142 0.960251 134.838 2.13139  
46  467.683 0.965223 170.291 0.100748  467.929 0.949863 145.886 -0.941738  467.514 0.963307 175.754 0.106441  467.837 0.938271 126.295 0.410082  
47  467.867 0.973704 132.19 -0.00156413  467.928 0.952916 127.169 -0.404719  467.932 0.970815 133.425 0.188397  466.722 0.933616 129.05 2.08601  
48  467.602 0.980574 124.067 -0.421799  468.096 0.971399 131.03 -0.899215  468.066 0.97132 126.119 0.2032  467.68 0.945299 179.07 -0.00579945  
49  467.696 0.967723 165.474 0.276452  467.608 0.947817 171.081 -0.0362392  467.731 0.96586 168.914 0.0913383  467.593 0.932383 134.572 0.27274  
50  467.699 0.98349 136.838 0.0144011  467.632 0.964439 172.869 0.072662  467.747 0.966666 160.667 0.155581  467.616 0.948112 173.942 -0.0467493  
51  468.076 0.972518 130.831 0.0146957  468.102 0.950322 140.728 -1.21428  467.659 0.967814 158.398 0.377534  467.305 0.939711 140.008 1.50133  
52  467.832 0.959195 135.807 -0.682686  467.842 0.938334 122.287 0.566103  467.935 0.95697 134.784 -0.249104  467.589 0.933688 133.826 0.29765  
53  467.793 0.979431 124.698 -0.450165  467.899 0.957575 125.611 0.174299  467.645 0.95975 132.838 -0.685405  467.272 0.940277 143.283 1.24519  
54  467.574 0.980873 131.446 -0.184035  467.203 0.962942 165.662 1.06043  467.89 0.978387 123.558 -0.247335  467.967 0.957494 121.078 0.0429697  
55  467.446 0.982528 135.968 -0.0266332  467.524 0.964312 175.007 0.344948  467.803 0.965517 168.163 0.0404115  467.897 0.953319 136.555 -0.351894  
56  467.887 0.988086 131.036 -0.377954  467.806 0.972187 139.25 -0.2069  467.93 0.979041 119.643 -0.715538  466.647 0.960977 157.408 2.68351  
57  468.002 0.971235 135.016 0.17619  467.946 0.954502 128.735 -0.363345  467.781 0.963789 182.443 -0.000862468  467.492 0.948872 184.814 -0.335805  
58  467.355 0.98273 143.718 -0.00607187  467.732 0.967556 153.672 -0.00761138  467.964 0.974631 121.466 0.0137803  468.184 0.950353 131.867 -1.4598  
59  467.964 0.970289 142.258 0.402619  468.075 0.951547 141.048 -0.823589  467.565 0.968973 162.369 0.940842  467.854 0.937891 127.104 0.172178  
60  467.621 0.968545 161.16 0.574262  467.463 0.963141 177.957 0.411191  467.964 0.97034 134.591 0.380627  466.998 0.940147 132.559 2.19107  
61  467.828 0.985384 129.006 -0.0937008  467.666 0.968825 161.746 -0.10199  467.754 0.966942 160.591 0.14066  467.721 0.969712 157.591 -0.24691  
62  467.97 0.977887 121.273 -0.390406  467.411 0.962721 178.974 0.576354  468.08 0.953402 128.179 0.00601006  467.965 0.956478 124.324 -0.117796  
63  467.961 0.978736 115.845 -0.597349  467.575 0.966856 162.099 -0.020537  467.606 0.96497 176.521 0.161408  467.972 0.950085 142.868 -0.927247  
64  467.496 0.990639 154.274 -0.515344  467.353 0.945836 180.71 0.550908  467.807 0.975574 126.174 0.0158974  467.011 0.943077 179.757 1.38828  
65  467.883 0.974079 129.669 0.0244407  467.965 0.950092 146.695 -0.897114  467.906 0.969815 140.977 0.543756  467.118 0.932767 121.177 1.27414  
66  467.734 0.990045 141.136 -0.760043  467.855 0.957347 129.092 -0.010884  467.709 0.967171 161.07 0.237395  468.04 0.951308 138.522 -0.772727  
67  467.319 0.991136 172.709 -0.242683  467.468 0.963691 168.167 0.402212  467.837 0.984229 132.343 -0.0891083  467.605 0.946524 178.09 0.107104  
68  467.685 0.963939 195.311 -0.00050709  468.122 0.951235 134.936 -0.982722  467.93 0.955764 126.532 -0.150279  467.762 0.927149 123.077 -0.239149  
69  467.912 0.975037 129.56 -0.102877  468.047 0.956592 117.762 -0.164084  467.957 0.97459 127.082 -0.087107  467.433 0.94445 176.633 0.537391  
70  467.695 0.985629 131.292 -0.0949473  467.651 0.965923 171.962 -0.00628078  467.724 0.965202 175.845 0.104622  468.018 0.954778 123.069 -0.43392  
71  467.664 0.997454 155.718 0.342977  468.051 0.97078 130.874 -1.04643  467.977 0.978202 116.738 -0.447951  467.529 0.959814 138.461 1.12321  
72  467.829 0.989158 127.425 -0.834701  468.103 0.972128 125.384 -0.9361  467.924 0.988439 125.996 -0.780646  467.483 0.968182 164.445 -0.123653  
73  467.477 0.983755 133.458 0.0388281  468.131 0.951346 130.077 -0.990983  468.333 0.971884 123.042 0.155901  467.443 0.944951 169.023 0.423464  
74  467.545 0.998633 148.948 0.760106  467.531 0.965006 158.922 0.23759  467.445 0.983992 138.186 0.0564353  468.024 0.957148 120.447 -0.00794255  
75  467.862 0.975127 126.149 -0.0397492  468.074 0.952205 130.28 -0.765933  467.639 0.96765 166.904 0.398782  466.711 0.941184 172.47 2.1681  
76  467.59 0.993097 162.926 -0.0150235  467.985 0.954866 117.632 -0.382649  468.037 0.977178 113.049 -0.444061  466.475 0.961097 156.018 3.03379  
77  467.917 0.972737 135.62 0.0490308  467.272 0.961981 166.479 0.953867  467.908 0.970605 135.366 0.200546  467.432 0.944354 178.128 0.537873  
78  467.547 0.968071 160.907 0.642543  467.435 0.944366 182.391 0.432116  467.534 0.963603 178.187 0.0522669  466.724 0.940519 147.019 2.58949  
79  467.706 0.99327 170.374 -0.00511379  467.436 0.94634 179.161 0.44042  468.015 0.97251 128.694 0.0611771  466.964 0.96172 178.742 1.48416  
80  467.96 0.972377 135.654 0.0700465  467.83 0.956185 129.77 -0.126301  467.451 0.963127 179.265 0.0494354  467.021 0.931642 128.759 1.553  
81  467.561 0.990555 154.37 -0.348514  467.871 0.971872 137.747 -0.435768  467.294 0.981206 125.481 -0.484327  467.603 0.946296 177.906 0.10711  
82  467.226 0.991333 156.306 -0.321891  467.648 0.969379 145.201 -0.517575  467.864 0.979399 120.82 -0.804085  466.802 0.961653 170.856 1.92811  
83  467.75 0.996203 161.176 0.0802441  467.479 0.964629 172.035 0.436349  467.36 0.982341 139.487 -0.11037  467.796 0.936603 124.796 0.112979  
84  467.925 0.985636 122.29 -0.233597  467.752 0.969583 144.13 -0.564468  467.98 0.986787 123.971 -0.428362  467.475 0.945568 171.377 0.21137  
85  467.937 1.00101 129.542 0.162966  467.609 0.965415 152.887 0.050783  468.026 0.973832 118.837 0.0156486  467.533 0.964104 163.053 0.221168  
86  467.982 1.00446 129.681 -0.0634639  467.625 0.977421 121.75 -0.0799729  467.948 0.976679 121.82 -0.272682  467.743 0.973293 129.298 -0.313079  
87  467.807 0.977955 129.649 0.0127867  467.839 0.958523 131.173 0.236816  467.863 0.976669 121.011 0.0230292  467.605 0.94706 170.858 -0.0151146  
88  467.638 0.985649 141.801 -0.054338  467.798 0.958916 120.625 0.749631  467.93 0.976292 121.827 -0.186727  467.501 0.948563 173.998 -0.222585  
89  467.843 0.976754 122.896 -0.0527959  467.579 0.948684 174.764 -0.175396  467.707 0.964396 178.082 0.0530217  466.821 0.940335 143.397 2.49909  
90  467.587 0.983434 134.84 -0.00240766  467.877 0.957411 130.725 0.0190155  467.913 0.976436 122.759 -0.0890015  468.02 0.953072 123.711 -0.575157  
91  467.871 0.976438 132.602 -0.172908  467.236 0.960118 137.492 1.96475  467.75 0.959563 137.595 -0.44982  467.901 0.95391 128.725 -0.307391  
92  467.519 0.991044 154.631 -0.246192  467.846 0.974568 126.866 -0.249178  467.82 0.985851 130.306 -0.133759  467.446 0.959917 134.241 1.38181  
93  467.871 0.986632 126.6 -0.275118  467.968 0.971764 134.172 -0.601017  468.085 0.976816 116.65 -0.453851  467.523 0.963563 184.606 0.345216  
94  467.661 0.985162 131.569 0.015034  467.404 0.982362 129.498 0.758091  468.159 0.971042 129.983 0.418922  467.971 0.952554 135.001 -0.531097  
95  467.651 0.947874 157.79 0.472972  467.428 0.943523 195.305 0.544634  467.456 0.94218 172.486 0.0313558  467.898 0.926343 123.229 -0.257234  
96  467.74 0.985759 124.526 -0.274203  467.414 0.943315 167.935 0.578123  467.878 0.974032 126.9 -0.0511629  467.333 0.932873 136.341 0.806638  
97  467.728 0.98012 129.926 -0.320009  468.015 0.956982 118.634 -0.0767074  468.251 0.971082 129.239 0.317807  467.717 0.934223 126.241 0.0968358  
98  467.446 0.981142 141.823 -0.265268  467.614 0.947979 171.981 -0.0417897  467.979 0.9699 136.063 0.741361  467.218 0.943792 177.718 0.967252  
99  467.737 0.984861 139.078 0.0380721  467.73 0.94933 154.079 -0.598403  468.083 0.971875 125.034 0.0600828  467.537 0.930714 130.152 0.451667  
100  467.663 0.981619 129.956 -0.0975653  467.685 0.949169 157.634 -0.374596  467.568 0.968129 164.839 0.612418  467.352 0.943249 171.422 0.701817  
101  467.794 0.967242 169.436 0.0521828  467.687 0.946733 176.975 -0.00294567  468.128 0.950343 141.838 0.312338  467.71 0.928913 125.263 0.192288  
102  467.729 0.974594 131.585 0.0577913  467.543 0.944158 180.635 0.316644  467.091 0.961657 177.31 -0.0976875  467.865 0.937807 127.711 0.158052  
103  467.864 0.979109 127.203 -0.373854  468.239 0.950814 135.897 -1.38378  467.895 0.97807 122.063 -0.328949  467.573 0.944253 179.725 0.206234  
104  467.725 0.965444 173.818 0.101587  467.465 0.963651 177.902 0.51707  468.12 0.978113 115.843 -0.883298  467.796 0.938448 129.733 0.415821  
105  467.905 0.969963 151.034 0.351224  467.407 0.96019 140.581 1.1959  467.764 0.967137 170.709 0.115645  467.431 0.944169 181.936 0.539842  
106  467.37 0.962715 173.721 -0.0165794  467.609 0.939184 131.951 0.837989  467.891 0.955628 129.609 -0.195611  467.582 0.939258 132.416 0.906713  
107  467.202 0.961173 177.888 -0.163122  466.973 0.94176 196.686 1.49037  467.983 0.954725 132.045 -0.100312  467.972 0.92364 137.462 -0.510244  
108  467.767 0.969275 155.442 0.383791  467.76 0.956263 129.87 -0.0259926  467.706 0.96589 167.187 0.143226  467.638 0.946855 179.759 -0.00565419  
109  467.922 0.971896 140.574 0.0855366  467.661 0.945832 171.953 -0.00739124  467.77 0.966536 164.962 0.0116295  467.759 0.938346 126.046 0.552936  
110  467.846 0.989714 134.231 -0.793601  468.179 0.95241 125.57 -0.970362  467.975 0.97107 136.177 0.340931  467.452 0.934564 132.28 0.474285  
111  467.723 0.966528 173.92 0.196577  467.703 0.945257 184.121 -0.00373478  467.936 0.970443 141.399 0.177895  468.226 0.921632 137.189 -1.20888  
112  467.754 0.97994 135.508 -0.313668  468.102 0.950173 142.657 -1.31257  467.94 0.97313 131.341 0.0860627  467.79 0.928302 121.319 0.329833  
113  467.988 0.956768 126.044 -0.409965  468.056 0.953465 126.366 -0.691946  467.806 0.969521 154.827 0.453612  467.805 0.925923 124.39 -0.18986  
114  467.74 0.979981 137.443 -0.359647  468.049 0.957169 118.673 -0.0057261  467.95 0.971677 134.108 0.104852  467.516 0.944273 181.334 0.319127  
115  467.005 0.961304 180.159 -0.171008  467.712 0.929114 128.399 0.087556  468.221 0.950965 132.283 0.205387  467.43 0.917087 174.06 0.304057  
116  467.988 0.97347 127.677 -0.00301348  467.99 0.953691 126.103 -0.538192  467.76 0.96456 167.836 0.0488255  468.031 0.922064 131.717 -0.718051  
117  467.907 0.976596 131.23 -0.164822  467.591 0.94717 175.711 0.102395  467.944 0.978037 125.096 -0.363422  467.686 0.930676 127.824 0.0873858  
118  467.708 0.964374 177.386 0.0529113  467.558 0.944085 168.293 0.289232  467.693 0.967643 166.305 0.178705  467.827 0.923572 127.506 -0.230567  
119  467.595 0.966907 167.495 0.279076  468.011 0.950064 139.935 -1.46351  468.067 0.957476 120.035 -0.577908  467.142 0.941914 171.408 1.1093  
120  467.864 0.97526 126.805 0.00969558  467.076 0.941973 193.905 1.27184  467.369 0.962119 175.465 0.024214  467.501 0.942795 185.492 0.40095  
121  467.603 0.96811 156.394 0.535092  467.478 0.948184 176.312 -0.119394  467.76 0.959508 141.173 -0.510983  467.641 0.934895 131.327 0.162713  
122  467.885 0.978907 134.474 -0.381347  467.509 0.947913 184.316 0.0732282  467.684 0.964208 173.246 0.107651  467.802 0.938095 123.998 0.446717  
123  467.563 0.968385 167.998 0.66342  466.634 0.941465 169.392 2.29042  467.756 0.963695 179.775 0.0544814  467.229 0.939862 135.97 1.61634  
124  467.734 0.966925 170.146 0.176879  467.443 0.939554 138.445 1.2513  467.286 0.961291 164.096 -0.152357  468.389 0.921385 132.7 -1.44282  
125  467.995 0.971918 137.071 0.0379698  467.861 0.955359 131.036 -0.19485  467.415 0.961846 175.874 -0.0425001  466.722 0.940907 170.475 2.25679  
126  467.885 0.975541 125.303 -0.0467971  467.99 0.956177 122.425 -0.185107  467.562 0.967607 176.154 0.551136  467.436 0.943509 184.252 0.530828  
127  467.913 0.956103 132.352 -0.115969  467.916 0.931432 119.641 -0.417669  467.959 0.957668 132.15 -0.377875  468.01 0.930965 119.052 -0.674259  
128  467.331 0.982051 138.722 -0.0090742  468.008 0.953974 127.332 -0.514903  467.997 0.958202 128.747 -0.641534  467.266 0.932587 126.753 0.982884  
129  467.547 0.9931 165.976 -0.0149306  467.281 0.96168 172.739 0.887435  468.015 0.978138 113.518 -0.516482  467.263 0.960497 160.257 1.35969  
130  467.61 0.990406 145.225 -0.590519  467.794 0.94963 150.675 -0.519853  467.571 0.968338 169.414 0.625671  467.544 0.94815 167.258 -0.107117  
131  467.355 0.991176 169.99 -0.220514  468.064 0.954102 123.449 -0.592603  467.869 0.97416 122.987 -0.0395547  467.375 0.935233 132.036 0.714173  
132  467.761 0.9949 172.421 0.0591489  467.051 0.960902 166.097 1.66832  467.5 0.982055 137.659 -0.104108  466.864 0.941097 165.535 1.88495  
133  467.945 0.978329 128.48 -0.562446  467.458 0.963895 157.27 0.541862  467.61 0.964941 164.376 -0.0127034  467.595 0.94761 172.958 -0.0287353  
134  467.922 0.969857 142.144 0.565038  467.462 0.963064 189.43 0.523401  467.57 0.968035 167.655 0.480531  467.68 0.938936 126.965 0.670861  
135  467.443 0.991817 164.494 -0.0902882  468.121 0.952947 124.686 -0.855522  467.927 0.978014 121.958 -0.412339  467.629 0.944994 173.653 0.0984925  
136  467.56 0.984047 146.162 0.0262223  466.876 0.961708 168.889 1.8241  467.485 0.983793 148.292 0.0308884  467.915 0.955955 126.163 -0.179328  
137  467.716 0.966852 164.607 0.216681  467.933 0.955454 122.253 -0.223727  467.745 0.96438 167.196 -0.00608447  466.862 0.940309 145.193 2.39832  
138  468.014 0.970604 145.088 0.227625  467.968 0.951338 144.969 -0.593059  468.004 0.950007 140.416 0.297329  467.718 0.934828 131.969 0.0455333  
139  467.754 0.965328 172.528 0.0463554  467.115 0.943048 183.071 1.17707  468.053 0.954126 124.069 -0.117305  467.9 0.937968 121.74 0.316497  
140  467.73 0.98443 136.499 0.0446669  467.439 0.963306 170.729 0.574173  467.656 0.963214 179.111 -0.002787  467.566 0.948846 160.598 -0.433202  
141  467.918 0.986695 132.354 -0.172425  467.969 0.953663 128.92 -0.460299  467.483 0.983296 139.053 0.00557916  467.415 0.943718 177.795 0.523328  
142  467.689 0.965159 175.784 -0.00597388  467.594 0.948538 153.936 -0.218348  467.99 0.958107 128.387 -0.577129  468.129 0.922143 138.195 -0.829804  
143  467.412 0.962595 176.278 -0.0158163  466.872 0.941419 171.896 1.78014  467.834 0.96972 145.925 0.510256  467.867 0.937624 121.302 0.260661  
144  467.972 0.987391 128.024 -0.591368  468.043 0.949849 146.418 -1.45749  467.545 0.980973 138.502 -0.248304  467.725 0.949316 156.179 -0.769468  
145  467.774 0.984026 130.121 -0.0346874  467.901 0.95391 128.725 -0.307391  467.942 0.956036 125.383 -0.301349  467.47 0.917113 167.24 0.113132  
146  467.729 0.966661 170.429 0.186214  467.32 0.94324 194.465 0.761582  467.215 0.96156 183.001 -0.0217863  467.983 0.923344 132.04 -0.527733  
147  467.734 0.967096 154.448 0.0938316  467.788 0.927597 123.734 -0.121823  467.955 0.955748 130.25 -0.150561  468.356 0.920484 141.61 -1.63662  
148  467.734 0.976528 138.615 0.174545  467.511 0.933067 123.285 0.48999  467.995 0.972838 131.703 0.047245  467.543 0.944822 174.273 0.318587  
149  467.765 0.983456 137.519 0.0229307  467.795 0.949512 152.041 -0.726353  467.435 0.962953 181.21 -0.0077517  467.589 0.946572 176.626 -0.00795535  
150  467.462 0.991339 151.235 -0.210892  468.06 0.952443 126.919 -0.712961  467.976 0.970979 131.879 0.365816  467.361 0.9395 126.333 1.66383  
151  467.904 0.969953 142.875 0.34889  467.663 0.947379 168.111 -0.0118673  467.666 0.968347 155.196 0.426901  467.83 0.932628 121.509 -0.229849  
152  467.888 0.971021 142.973 0.122889  467.611 0.963408 172.428 0.224803  467.535 0.965064 173.316 0.214517  466.978 0.941953 190.391 1.47702  
153  467.918 0.975203 129.927 -0.0579591  468.274 0.950903 130.365 -1.45647  467.823 0.966896 163.702 -0.00710254  467.751 0.935856 126.114 0.121726  
154  467.894 0.969975 147.452 0.291111  467.936 0.949863 152.081 -0.984759  467.671 0.96888 159.659 0.547575  466.749 0.94234 186.918 1.9281  
155  467.615 0.967474 164.974 0.34642  467.471 0.948097 182.881 -0.0871008  467.486 0.964023 175.978 0.0518825  467.831 0.938312 124.122 0.44956  
156  467.823 0.969798 152.86 0.318032  467.735 0.935471 133.041 0.0450631  467.371 0.94218 180.666 0.031791  467.275 0.939824 138.665 1.59852  
157  467.785 0.969373 155.347 0.354388  467.244 0.960258 150.288 1.68481  467.62 0.968694 165.859 0.603134  467.71 0.945614 171.534 -0.00796199  
158  467.815 0.977432 126.599 0.0282712  467.731 0.949353 157.097 -0.601373  468.047 0.972772 128.806 0.0509872  467.467 0.946362 179.499 0.328723  
159  467.824 0.979502 123.815 -0.434679  467.307 0.962143 188.606 0.85136  467.502 0.964778 171.567 0.104219  467.65 0.945406 178.252 0.105465  
160  467.778 0.984151 131.693 -0.0924351  467.786 0.973903 132.067 -0.268182  467.822 0.979021 123.249 -0.301583  467.437 0.964122 172.894 0.518531  
161  467.689 0.983215 140.505 0.0935388  467.363 0.982512 130.131 0.837567  467.589 0.982886 139.052 -0.0502897  467.493 0.967641 167.688 -0.0526395  
162  467.863 0.989603 137.97 -0.595351  467.652 0.976609 129.029 -0.116638  468.154 0.972049 122.036 0.192614  466.887 0.960926 150.327 2.15856  
163  467.695 0.984188 136.082 -0.0725142  467.18 0.960756 152.277 1.47046  467.558 0.968529 162.029 0.746948  467.136 0.961996 176.195 1.22514  
164  467.988 0.97376 126.55 0.0305873  468.002 0.970716 134.749 -0.822041  467.417 0.981517 135.144 -0.198384  467.551 0.967965 164.445 -0.0675799  
165  467.483 0.960026 141.359 -0.760576  467.922 0.956161 124.191 -0.178004  467.865 0.949553 159.509 0.204472  467.725 0.934738 130.296 -0.0098051  
166  467.461 0.981752 129.029 -0.192598  467.957 0.957256 121.684 -0.0159598  467.93 0.98684 133.457 -0.295445  468.006 0.953837 125.642 -0.508825  
167  467.705 0.986823 136.828 -0.061853  467.672 0.966448 161.314 -0.011601  467.581 0.964959 172.078 0.214514  467.658 0.965087 172.87 0.0807677  
168  467.457 0.981681 137.664 -0.160228  467.672 0.976432 128.486 -0.125497  467.601 0.983028 131.681 -0.0759122  467.728 0.969751 151.161 -0.252086  
169  467.425 0.993283 171.556 -0.0133435  467.554 0.984786 129.551 0.426679  467.99 0.974608 121.524 -0.0376818  466.477 0.960908 155.364 3.18555  
170  467.109 0.960757 159.142 -0.452427  467.975 0.949971 141.337 -1.02233  467.782 0.947348 156.231 0.124686  467.496 0.942845 188.409 0.410128  
171  467.757 0.97547 127.842 0.27511  467.453 0.959827 135.199 1.51841  467.396 0.960341 155.2 -0.519028  468.042 0.952816 128.708 -0.656344  
172  467.668 0.969087 149.53 0.731696  467.98 0.970587 140.299 -0.794508  467.669 0.966015 168.744 0.308566  467.549 0.963602 174.593 0.237555  
173  467.622 0.996504 162.059 0.26708  467.498 0.966981 169.572 0.167039  467.885 0.987507 129.267 -0.309217  467.633 0.96911 152.947 -0.355579  
174  468.06 0.972182 124.128 0.216835  467.667 0.965662 164.414 0.0783742  468.133 0.973329 116.906 0.122152  467.604 0.944268 172.814 0.195696  
175  467.656 0.983675 133.149 -0.0100685  467.475 0.967099 166.473 0.0644594  467.568 0.965878 168.321 0.420622  466.938 0.962016 172.465 1.64328  
176  467.762 0.96264 187.315 0.0551826  467.909 0.955126 129.369 -0.2468  467.749 0.947987 163.626 0.216283  467.607 0.947033 169.261 -0.0156661  
177  467.565 0.982961 137.765 0.00867105  467.44 0.963694 174.999 0.512023  467.718 0.979925 127.374 -0.657057  467.769 0.969934 146.223 -0.412882  
178  467.799 1.00349 139.63 0.106745  467.695 0.980963 118.282 0.157875  468.045 0.988691 130.572 -0.777509  467.346 0.963717 178.746 0.701035  
179  467.895 0.987812 130.379 -0.366986  467.189 0.96316 172.312 1.02281  467.635 0.962974 177.969 0.0519342  467.974 0.957095 121.512 -0.0399819  
180  467.902 0.969928 143.002 0.365708  467.371 0.96434 166.451 0.599754  467.503 0.968328 158.191 0.733346  467.715 0.959199 128.402 0.670974  
181  467.795 0.979652 127.182 -0.605362  467.743 0.975748 131.044 -0.136126  467.666 0.968646 157.03 0.453337  466.988 0.961874 167.213 1.56565  
182  467.768 0.980069 121.87 -0.231316  467.228 0.962655 175.582 1.00779  467.55 0.983218 131.585 -0.0195864  468.068 0.953022 125.784 -0.689764  
183  467.941 0.98716 130.621 -0.244878  467.708 0.976074 129.086 -0.049783  467.917 0.975982 123.576 -0.144725  466.938 0.961232 168.151 1.80069  
184  467.516 0.983549 142.027 0.144399  467.62 0.967813 161.798 -0.0388326  467.966 0.976257 121.945 -0.176347  467.146 0.960722 157.78 1.55543  
185  467.882 0.975048 129.829 -0.0453829  468.053 0.972536 125.098 -0.77454  468.12 0.954798 121.116 -0.155347  467.658 0.949054 165.732 -0.258983  
186  468.176 0.971763 130.979 0.183724  467.965 0.957681 125.448 0.120214  468.208 0.971221 130.963 0.31598  466.892 0.962306 170.61 1.66134  
187  467.865 0.97908 125.86 -0.612515  467.899 0.972164 139.879 -0.351751  467.584 0.96854 166.372 0.631784  467.537 0.959751 133.823 1.18077  
188  467.854 0.974154 126.729 0.0533182  467.329 0.961643 177.956 0.841169  467.226 0.960503 145.821 -0.616181  467.152 0.961139 168 1.33496  
189  467.759 0.989731 139.636 -0.598526  467.782 0.973257 132.786 -0.232256  467.295 0.982479 135.766 -0.129649  467.36 0.963551 171.051 0.676368  
190  467.892 0.969953 150.251 0.489496  467.11 0.962078 163.939 1.29276  467.938 0.957383 136.048 -0.297977  466.96 0.960911 161.633 1.91365  
191  467.839 0.984537 128.561 -0.0775987  467.991 0.970772 138.613 -0.761114  467.552 0.982364 131.067 -0.0294651  467.613 0.964518 175.308 0.167414  
192  468.287 0.951471 131.372 0.141486  467.817 0.953929 125.635 -0.113514  467.88 0.958827 130.66 -0.834851  467.508 0.946592 178.458 0.102524  
193  468.162 0.970612 138.482 0.42003  467.875 0.958007 128.889 0.117596  467.662 0.947293 166.64 0.378518  467.52 0.948534 174.74 -0.0224526  
194  468.031 0.987296 128.036 -0.453066  468.036 0.97162 142.147 -0.702097  467.579 0.963157 184.075 0.052604  467.854 0.955715 131.335 -0.151715  
195  467.705 0.965938 168.406 0.144291  467.703 0.966086 176.7 -0.00311441  467.913 0.954981 138.72 -0.0761562  467.301 0.943742 186.387 0.649306  
196  467.696 0.975491 133.214 0.170925  467.637 0.964376 182.62 0.172581  467.731 0.966299 172.126 0.0881937  467.629 0.946187 175.876 0.107121  
197  467.686 0.967259 176.604 0.182204  467.367 0.96593 170.967 0.174179  467.823 0.969557 149.2 0.864724  467.966 0.956471 122.799 -0.138613  
198  467.67 0.968661 186.248 0.366613  467.769 0.978968 129.461 0.0977391  467.901 0.953166 137.584 -0.0218506  467.703 0.945005 185.936 -0.00416194  
199  467.909 0.986642 139.192 -0.177668  467.712 0.974473 135.513 -0.0481444  467.636 0.967476 175.132 0.389239  467.201 0.960847 170.502 1.30186  
200  467.534 0.962218 187.521 -0.0124062  467.58 0.96836 165.96 -0.0946794  468.016 0.958048 128.786 -0.643284  467.189 0.962656 180.021 1.02725  
201  467.776 0.964678 186.551 -0.00140679  467.7 0.965986 181.692 -0.00215803  467.655 0.962792 186.057 -0.00320612  467.619 0.947378 183.268 -0.0112152  
202  467.634 0.966107 168.121 0.195405  467.55 0.967988 165.293 -0.0684317  467.772 0.979731 124.413 -0.728339  468.102 0.949989 139.071 -1.49268  
203  467.965 0.958183 136.22 -0.510246  466.91 0.941444 180.343 1.67769  467.733 0.948904 153.292 0.676572  467.475 0.929894 130.68 0.763884  
204  467.93 0.988755 132.369 -0.798558  467.516 0.968761 170.939 -0.228611  467.923 0.975082 122.292 -0.0868071  467.444 0.962768 175.928 0.566855  
205  467.783 0.979722 130.526 -0.449907  467.43 0.964637 176.522 0.532343  467.7 0.966241 175.687 0.149281  467.674 0.954861 139.415 0.039053  
206  467.494 0.962256 184.399 -0.0149096  467.621 0.947223 178.229 -0.0110363  467.954 0.956429 131.032 -0.223765  467.49 0.93945 131.934 1.13233  
207  467.53 0.963828 179.273 0.0527908  467.721 0.977405 130.568 -0.0598697  467.835 0.951633 134.59 -0.0128195  467.388 0.943419 179.306 0.628101  
208  467.837 0.973255 138.053 0.0313665  467.547 0.963118 182.528 0.241089  467.885 0.94978 150.617 0.144864  467.658 0.943791 178.833 0.0853562  
209  467.998 0.97116 139.868 0.103938  467.305 0.964048 171.595 0.784805  467.499 0.960184 150.672 -0.521846  467.884 0.95487 130.207 -0.273502  
210  467.683 0.966651 178.611 0.0910585  467.859 0.954915 130.192 -0.169987  467.934 0.952768 134.089 0.0372165  467.33 0.932241 133.52 0.830244  
211  467.574 0.968558 175.598 0.646424  467.546 0.968169 170.202 -0.0775506  467.645 0.946385 171.66 0.275232  467.984 0.953037 135.742 -0.540041  
212  467.511 0.982342 146.24 0.00814136  467.702 0.969324 147.541 -0.306173  467.699 0.9655 172.89 0.155607  467.875 0.957881 124.195 0.0678171  
213  467.927 0.95276 143.127 -0.00467885  467.575 0.963845 173.322 0.241612  467.712 0.948434 162.759 0.210459  467.41 0.943544 184.08 0.531318  
214  467.945 0.975654 123.921 -0.0846603  467.7 0.965286 176.913 -0.0058013  467.776 0.947294 165.789 0.129796  467.19 0.94232 185.041 1.03672  
215  468.183 0.970957 135.978 0.290881  467.861 0.9577 136.082 0.0585557  467.908 0.958567 135.374 -0.44244  466.582 0.940687 152.496 2.80127  
216  467.676 0.97661 129.391 0.179045  467.776 0.96988 141.207 -0.487282  467.71 0.964508 173.659 0.0514772  467.561 0.946468 172.13 0.102584  
217  467.724 0.964734 177.671 0.107536  467.966 0.956749 121.69 -0.107126  467.387 0.941593 180.36 -0.0422777  467.714 0.935139 132.565 0.11224  
218  467.8 0.974782 131.637 0.0475517  467.746 0.974353 138.647 -0.0227307  468.04 0.956667 125.573 -0.399836  467.523 0.963447 171.34 0.402936  
219  467.606 0.966574 173.899 0.250554  467.518 0.963341 176.03 0.413112  467.891 0.955037 135.404 -0.0985718  467.51 0.959922 141.956 1.05659  
220  468.159 0.950729 137.286 0.217127  467.966 0.957552 125.452 0.0862322  467.771 0.942823 171.755 -0.0017359  467.596 0.944341 182.485 0.210421  
221  467.671 0.967093 164.891 0.315012  467.989 0.971972 127.477 -0.624981  468.017 0.974201 121.364 0.00587463  466.849 0.962342 167.061 1.81109  
222  467.818 0.976534 128.034 0.0588221  467.624 0.969245 160.923 -0.344919  467.313 0.96172 182.803 -0.0536967  467.554 0.959628 136.292 1.10556  
223  467.814 0.986755 130.532 -0.103014  467.926 0.970252 135.788 -0.788415  468.011 0.956884 125.032 -0.3575  467.557 0.947284 157.944 -0.0474186  
224  467.773 0.980458 131.842 -0.0642411  467.734 0.979548 122.38 -0.325532  468.149 0.970762 127.435 0.5355  468.007 0.952827 128.203 -0.580825  
225  467.733 0.96483 178.268 -0.00351911  467.494 0.964305 177.603 0.34815  467.439 0.962895 179.681 -0.00882491  467.473 0.963069 179.696 0.503559  
226  467.593 0.980442 135.901 -0.444332  467.65 0.986629 134.117 0.330771  467.891 0.972279 130.564 0.179138  467.582 0.965206 178.019 0.175544  
227  467.39 0.991297 159.649 -0.227612  467.658 0.980254 124.973 0.381016  467.869 0.984784 139.476 -0.0754628  468.046 0.971768 133.036 -0.716363  
228  467.571 0.981038 128.559 -0.255555  467.791 1.00036 135.849 -0.565945  467.888 0.989226 130.372 -0.804331  467.593 0.999606 147.145 -0.548152  
229  467.86 0.974568 128.205 0.0925477  467.705 0.984705 125.987 0.210798  467.347 0.96208 177.763 -0.0345273  467.903 0.952031 148.816 -0.408626  
230  467.728 0.986556 130.986 -0.231761  468.005 0.988302 124.587 0.206953  467.66 0.967202 171.336 0.334029  467.54 0.966776 173.681 0.174211  
231  467.757 0.981729 132.664 -0.0382424  467.414 0.990825 153.914 1.02496  467.78 0.979696 129.937 -0.755722  467.883 0.987378 125.098 0.0617282  
232  467.549 0.98349 134.685 -0.00733915  467.838 0.974436 130.014 -0.213337  468.016 0.956727 124.404 -0.338983  467.976 0.972726 132.158 -0.546429  
233  467.606 0.993277 168.486 0.0584497  467.614 0.999711 145.582 -0.662872  467.774 0.985994 132.384 -0.0646417  467.684 0.977888 126.559 -0.0996201  
234  467.619 0.990524 152.532 -0.399052  467.712 0.986123 128.911 0.269315  467.845 0.978002 129.961 -0.0976789  467.458 0.964209 180.185 0.530929  
235  467.786 0.963847 175.765 -0.00165648  467.938 0.970749 137.289 -0.6108  467.509 0.967561 167.244 0.678935  467.687 0.976431 136.556 -0.0660645  
236  467.437 0.968006 177.208 0.861945  467.782 0.979357 121.09 0.43103  467.359 0.968294 176.156 1.10873  467.475 0.968835 166.18 -0.197031  
237  467.639 0.990228 143.885 -0.812762  467.449 0.991535 160.64 0.678926  467.624 0.968695 162.933 0.573104  467.509 0.963453 181.416 0.428502  
238  467.947 0.986047 125.678 -0.296518  467.759 0.989759 140.123 0.681957  468.007 0.977958 120.138 -0.507649  467.854 0.985228 128 -0.123128  
239  467.867 0.989057 133.467 -0.3944  467.902 0.98882 123.907 0.402454  467.94 0.97524 121.839 -0.0594402  467.612 0.993763 170.098 0.181514  
240  467.919 0.973376 130.457 0.00896581  467.598 0.969006 156.764 -0.331224  467.982 0.957366 130.601 -0.391619  467.901 0.955505 129.332 -0.195825  
241  467.848 0.975003 131.533 0.0876048  467.768 0.987407 135.861 0.151473  468.065 0.971778 128.384 0.137424  467.481 0.984021 133.062 0.442575  
242  467.862 0.977695 129.586 -0.122001  467.697 0.969402 149.329 -0.517102  467.914 0.97577 121.984 -0.0852857  467.564 0.968847 159.091 -0.280389  
243  467.962 0.973623 131.893 0.0666521  467.797 0.97404 135.648 -0.183314  467.716 0.965918 175.218 0.208437  467.792 0.977271 127.529 -0.0542989  
244  467.809 0.984413 125.645 -0.159061  467.201 0.991593 169.009 1.06935  468.092 0.970131 132.658 0.881564  467.819 0.97036 149.275 -0.413999  
245  467.442 0.960005 141.233 -0.892505  466.911 0.961256 166.402 1.86366  468.04 0.955911 125.167 -0.286028  467.928 0.954203 131.638 -0.361486  
246  467.849 0.969741 148.679 0.63276  467.536 0.980906 142.581 0.553917  467.539 0.96281 184.962 0.0503531  467.426 0.964118 173.779 0.429649  
247  467.953 0.970462 144.55 0.297121  467.795 0.974396 137.278 -0.113868  467.69 0.965112 174.083 -0.00657596  467.75 0.975682 130.243 -0.148866  
248  467.572 0.983766 133.772 -0.0156656  467.409 0.983978 132.545 0.717114  467.929 0.96988 138.073 0.747582  467.728 0.979655 124.061 0.328556  
249  467.297 0.981972 139.94 -0.166168  467.431 0.983833 131.738 0.673824  468.295 0.971556 122.755 0.211242  467.589 0.968862 157.793 -0.255161  
250  467.427 0.993107 173.801 0.0533333  467.089 0.991584 164.741 1.50268  467.975 0.973665 120.359 0.0432209  467.876 0.970408 139.233 -0.509486  
251  468.084 0.971692 128.06 0.155893  467.839 0.976314 126.597 -0.120546  467.196 0.961689 172.573 -0.0890373  468.021 0.971738 127.587 -0.659801  
252  467.808 0.979606 122.768 -0.544959  467.561 0.993064 166.76 0.354088  467.934 0.975433 120.697 -0.0539521  467.776 0.974936 126.132 -0.288366  
253  467.966 0.969965 142.833 0.585299  468.003 0.987619 123.645 0.0506119  467.798 0.964337 177.175 0.0532792  467.752 0.98317 124.312 0.0242886  
254  467.838 0.97924 122.935 -0.23594  467.611 0.995025 170.092 -0.0105014  468.039 0.970925 130.293 0.353357  467.629 0.982472 123.387 0.28008  
255  467.433 0.963493 175.066 -0.00584958  467.299 0.991816 158.232 0.907105  467.689 0.965731 174.393 0.265065  468.143 0.972344 120.271 -0.920141  
256  467.847 0.984518 133.88 -0.0949592  467.782 0.983148 124.558 -0.0438229  468.09 0.972209 128.736 0.102025  467.643 0.966097 171.749 0.177386  
257  467.892 0.984023 129.049 -0.0341031  468.013 0.987735 122.365 0.167381  467.91 0.98781 132.912 -0.236131  467.789 0.974993 130.435 -0.131429  
258  467.97 0.989068 133.093 -0.685114  467.809 0.980501 125.597 -0.332433  467.12 0.961367 173.022 -0.15372  468.048 0.971607 138.63 -0.738444  
259  467.721 0.984392 127.352 -0.0841165  467.716 0.975843 126.064 -0.103223  468.023 0.9757 116.247 -0.195782  467.475 0.960002 141.851 1.11791  
260  467.883 0.972399 131.716 0.110112  467.817 0.979031 123.469 0.274708  467.735 0.964727 174.791 -0.00431039  467.971 0.971372 141.86 -0.57627  
261  467.74 0.983618 131.998 -0.0704994  467.549 0.981918 124.338 0.469947  468.002 0.96997 134.969 0.702215  467.854 0.97119 143.376 -0.373845  
262  467.703 0.984141 132.605 -0.0281604  467.644 0.994218 168.734 0.118786  468.118 0.97168 127.913 0.101975  467.998 0.971945 127.338 -0.716954  
263  467.753 0.986176 140.012 0.00578307  467.631 0.984946 130.536 -0.0490373  467.912 0.978854 126.498 -0.484037  467.855 0.97457 131.468 -0.249421  
264  467.642 0.995919 166.263 0.367389  468.029 0.987991 117.114 0.217793  467.38 0.991746 178.703 -0.0739406  467.742 0.982565 120.244 -0.0217786  
265  467.531 0.994698 164.42 0.318825  467.302 0.992086 178.778 0.841994  467.313 0.981781 143.76 -0.101847  467.239 0.991263 178.496 1.18261  
266  467.771 0.997077 161.483 0.0338493  467.258 0.990971 147.124 1.4191  467.445 0.981788 133.634 -0.169114  467.761 0.979157 122.179 0.0734412  
267  467.798 0.975336 132.364 0.0654784  467.621 0.976952 136.128 -0.0697629  467.622 0.963545 168.429 -0.00520082  467.825 0.958554 133.494 0.211964  
268  467.709 0.993587 164.876 -0.00687845  467.42 0.992794 172.542 0.6458  467.792 0.994935 175.197 -0.00594511  467.751 0.979803 123.339 -0.252087  
269  467.955 0.97038 137.252 0.232419  467.751 0.979225 122.202 0.0335294  467.696 0.966212 170.549 0.252572  467.943 0.972505 127.956 -0.60568  
270  467.725 0.983851 132.162 -0.0166304  467.63 0.981995 126.228 0.260979  467.911 0.979049 119.26 -0.595045  467.614 0.982228 124.796 0.303415  
271  468.071 0.972353 125.333 0.140866  467.604 0.9678 150.949 -0.0638918  468.177 0.972604 118.665 0.111129  467.695 0.963802 172.102 0.0572012  
272  467.692 0.984111 137.375 -0.00124252  467.63 0.977723 135.531 -0.077818  467.559 0.967935 166.781 0.593591  467.638 0.969286 154.975 -0.564562  
273  467.883 0.986251 131.723 -0.227177  467.726 0.983625 124.984 0.034357  468.185 0.971628 123.501 0.209812  467.678 0.976562 131.409 -0.00562127  
274  467.595 0.99653 151.436 0.334678  467.887 0.989236 123.985 0.741772  467.531 0.981882 126.831 -0.158496  467.81 0.983567 120.667 -0.0446827  
275  467.821 0.985901 137.517 -0.1112  467.726 0.980452 121.252 -0.644653  467.722 0.983347 139.147 0.0265951  467.758 0.975972 130.141 -0.126172  
276  467.608 0.980714 133.951 -0.281998  468.014 0.987741 124.955 0.0821612  467.797 0.959285 130.621 -0.871149  467.803 0.974181 131.697 -0.226159  
277  467.806 0.984727 127.961 -0.100758  467.865 0.989369 135.804 0.545195  467.771 0.995845 167.572 0.107616  467.912 0.988062 127.033 0.384015  
278  467.848 0.984729 137.402 -0.0847156  467.553 0.993935 163.374 0.169133  468.016 0.972558 126.373 0.0512302  467.721 0.984257 126.342 0.13866  
279  467.691 0.994914 171.255 0.058012  467.799 0.989369 129.899 0.524872  467.192 0.981529 133.335 -0.354897  467.808 0.973953 137.985 -0.161311  
280  467.812 0.985469 135.031 0.0253396  467.603 0.984774 135.812 0.211682  468.063 0.975483 116.108 -0.154759  467.472 0.967761 168.821 -0.0639622  
281  467.672 0.963587 175.652 0.0531724  467.619 0.968302 171.262 -0.0562873  467.784 0.974016 133.537 0.162545  467.479 0.964395 174.035 0.435412  
282  467.823 0.976673 126.514 0.0528458  467.812 0.969857 142.791 -0.568624  467.576 0.969139 156.451 0.96352  467.892 0.972356 129.584 -0.37826  
283  467.585 0.984632 140.305 0.0519544  467.361 0.991001 151.805 1.09897  468.099 0.972815 125.497 0.0450976  467.611 0.965753 165.787 0.0793007  
284  467.858 0.9734 137.693 -0.0314002  467.804 0.974871 136.078 -0.157928  467.784 0.964764 170.268 -0.00636825  467.487 0.963556 175.354 0.418499  
285  467.962 0.98697 126.9 -0.343553  467.653 0.982176 122.238 0.227681  468.164 0.9729 121.341 -0.0323987  468.009 0.986976 120.398 0.107903  
286  467.869 0.98623 130.352 -0.187326  467.887 0.987984 124.058 0.341428  467.642 0.966889 162.658 0.371839  467.455 0.968623 162.196 -0.253976  
287  467.978 0.972721 133.363 -0.0078246  467.38 0.983322 127.541 0.801363  467.695 0.966191 171.129 0.253971  466.754 0.961446 177.172 2.05567  
288  467.723 0.965486 178.61 0.104308  467.931 0.954601 127.677 -0.367588  467.677 0.965394 179.023 0.10505  468.032 0.950657 134.378 -0.880278  
289  467.968 0.971401 141.888 0.0620763  467.746 0.974473 134.915 -0.0552043  467.84 0.969672 156.608 0.444102  467.852 0.953232 131.018 -0.246009  
290  467.89 0.972477 135.154 0.115319  468.086 0.95352 125.725 -0.695073  467.686 0.947875 162.998 0.367741  467.672 0.947036 172.736 -0.00605356  
291  467.747 0.974638 134.486 0.134385  467.721 0.95932 135.863 0.571476  467.695 0.965133 179.069 0.161838  467.707 0.959384 137.118 0.587007  
292  467.717 0.945187 173.77 0.24261  467.85 0.955336 134.535 -0.155402  467.705 0.946259 167.376 0.270236  467.761 0.937383 137.262 0.156695  
293  467.756 0.983901 138.835 -0.0480264  467.618 0.983636 129.669 0.227948  467.891 0.977822 121.448 -0.158784  467.516 0.964754 186.911 0.358865  
294  467.81 0.985171 137.892 -0.0478764  467.687 0.978594 133.435 -0.079318  467.862 0.979186 125.96 -0.413464  467.548 0.977195 135.843 -0.0926226  
295  467.9 0.976354 124.528 -0.247475  467.593 0.982561 127.315 0.336752  467.633 0.9691 151.238 0.920208  467.567 0.96495 173.699 0.261311  
296  467.822 0.973874 137.132 0.128112  467.821 0.978997 123.128 0.265048  467.848 0.97507 130.391 0.0140469  467.611 0.966814 174.914 0.0851277  
297  467.82 0.978206 132.26 -0.0439842  467.716 0.977145 135.365 -0.0459604  467.603 0.961798 183.914 -0.0188704  467.498 0.96831 182.114 -0.0864451  
298  467.609 0.96882 163.209 0.712603  467.932 0.957131 126.422 -0.0132624  467.988 0.954069 131.217 -0.0694373  467.245 0.942309 184.846 0.924982  
299  467.795 0.965182 180.8 0.0515053  467.536 0.962951 180.743 0.321579  467.787 0.963241 182.404 -0.000575084  467.845 0.954494 133.089 -0.187688  
300  466.978 0.961238 180.109 -0.195362  467.559 0.963825 172.715 0.329979  467.781 0.96448 176.241 -0.00291  467.882 0.957223 126.722 0.0995999  
301  467.677 0.967287 178.479 0.295696  467.837 0.953035 140.225 -0.242337  467.396 0.96167 184.42 -0.0460132  467.98 0.951302 144.562 -0.624683  
302  467.96 0.973193 129.503 0.0781528  467.781 0.97588 132.797 -0.107102  467.964 0.952587 138.431 -0.00252024  467.258 0.942127 170.311 0.911953  
303  467.792 0.96558 189.955 0.052681  467.598 0.964067 175.884 0.251485  467.779 0.963737 186.621 -0.000568122  467.9 0.951727 146.675 -0.470747  
304  467.903 0.969902 148.765 0.412044  467.826 0.970815 145.096 -0.257918  467.28 0.961414 178.732 -0.0981577  467.314 0.960062 140.647 1.73163  
305  467.941 0.969959 145.927 0.497799  467.853 0.95878 127.082 0.551388  467.593 0.963342 185.243 0.109217  467.651 0.948399 158.608 -0.0765066  
306  467.577 0.945941 173.85 0.185943  467.513 0.94521 180.623 0.327157  468.035 0.950504 146.307 0.166756  467.515 0.945148 176.699 0.324229  
307  468.112 0.971136 140.132 0.179011  467.593 0.966979 176.815 0.177463  468.007 0.970261 148.305 0.38148  467.72 0.977921 134.913 -0.0309671  
308  467.621 0.994628 170.759 0.0591172  467.967 0.97304 124.367 -0.541131  468.044 0.973645 125.458 -0.022774  467.685 0.967248 164.286 -0.0100684  
309  467.813 0.975304 125.635 0.209467  467.508 0.963449 182.484 0.430255  467.675 0.964449 186.561 0.109803  467.827 0.954871 138.498 -0.161196  
310  467.528 0.963352 188.116 0.0532186  467.381 0.942962 191.52 0.640932  467.941 0.953477 139.391 -0.0227669  467.81 0.938127 132.824 0.191327  
311  467.924 0.973223 140.173 -0.0164098  467.891 0.95783 128.152 0.241842  467.86 0.969675 153.815 0.737882  467.607 0.948715 167.983 -0.179342  
312  467.707 0.969146 164.325 0.45584  467.292 0.960361 153.799 1.40032  468.129 0.950558 135.464 0.243162  467.588 0.948333 175.816 -0.0820068  
313  467.903 0.972696 137.7 0.113977  467.634 0.964333 190.355 0.176645  467.755 0.964843 172.102 0.0494546  467.814 0.954374 136.733 -0.147932  
314  467.784 0.97973 136.237 -0.376756  467.622 0.966055 174.635 -0.00544524  467.277 0.960588 163.775 -0.419665  467.195 0.961701 170.632 1.13459  
315  468.03 0.972743 130.118 0.0536668  467.821 0.958874 123.18 0.560067  467.705 0.9639 186.95 0.0547064  468.234 0.951556 130.345 -1.19834  
316  467.625 0.968171 162.895 0.483365  467.074 0.962022 180.505 1.34601  467.936 0.954727 136.786 -0.0734893  467.816 0.955613 135.473 -0.123146  
317  467.934 0.972347 132.943 0.0620148  467.584 0.967988 168.455 -0.0506609  468.013 0.956214 125.618 -0.27495  467.587 0.96726 174.525 -0.0158144  
318  467.686 0.968517 166.535 0.365558  467.628 0.966692 175.675 -0.00630095  467.921 0.956465 137.668 -0.196145  467.894 0.950027 158.998 -0.678217  
319  467.944 0.957409 130.944 -0.298202  467.833 0.958124 131.587 0.260652  466.805 0.940722 166.74 -0.368319  467.795 0.949461 150.616 -0.848663  
320  467.692 0.967157 167.778 0.268811  467.78 0.972553 138.237 -0.202964  467.972 0.958529 128.744 -0.742888  467.692 0.96615 162.202 -0.0109694  
321  467.584 0.982989 145.701 -0.0339858  467.617 0.995104 164.409 -0.0155008  467.49 0.968091 171.614 0.772121  467.234 0.991775 177.699 1.09258  
322  467.668 0.968402 159.419 0.416735  467.566 0.997317 161.632 0.0564719  467.671 0.963822 173.124 0.0525684  467.598 0.968222 169.426 -0.0624608  
323  467.555 0.98181 148.96 -0.075889  467.78 0.979047 130.794 0.162282  468.165 0.951925 137.658 0.0558605  467.885 0.972413 135.845 -0.30771  
324  467.395 0.961081 170.573 -0.0776983  467.808 0.971962 138.442 -0.151962  467.72 0.943545 174.521 0.0481794  467.52 0.963359 174.285 0.408758  
325  467.586 0.997764 172.565 0.503104  467.76 1.00027 144.368 -0.40655  467.975 0.976441 125.053 -0.252784  467.282 0.99181 181.234 0.975138  
326  467.526 0.983707 142.036 -0.0461908  467.573 0.996707 163.891 -0.0104994  467.676 0.966531 168.693 0.295742  467.578 0.997249 168.661 -0.0119319  
327  467.685 0.969011 161.265 0.494054  467.548 0.996425 173.231 0.0664126  467.457 0.961298 166.297 -0.0967974  467.734 0.970589 151.011 -0.085093  
328  467.817 0.979497 125.967 -0.283272  467.664 0.996889 168.54 -0.00445508  467.577 0.966132 183.25 0.21289  467.716 0.976383 130.78 -0.10053  
329  467.841 0.974173 136.522 0.0562288  467.642 0.999455 152.448 -0.203464  467.93 0.969922 139.593 0.488172  467.823 0.988743 130.026 0.503336  
330  467.231 0.961147 169.369 -0.186584  467.983 0.987163 122.076 0.0543221  467.708 0.964691 175.329 0.0514075  467.775 0.975392 134.324 -0.0477256  
331  467.715 0.976773 126.758 0.196918  467.819 0.98683 125.094 0.158118  467.909 0.956156 135.452 -0.136685  467.81 0.971235 139.549 -0.260909  
332  467.831 0.977573 126.488 -0.120125  467.981 0.986555 118.702 -0.0651003  467.56 0.968969 153.277 1.00277  467.668 0.968974 156.347 -0.155623  
333  467.953 0.973875 128.287 0.0320728  467.446 0.99166 167.188 0.645615  467.716 0.965757 175.426 0.210466  467.844 0.972382 137.588 -0.346477  
334  467.668 0.965721 179.423 0.213794  467.603 0.981738 133.37 0.305836  467.977 0.953089 139.548 -0.0115846  467.685 0.975856 134.434 -0.10495  
335  467.808 0.977202 130.672 0.0298304  467.643 0.985228 138.582 0.199796  467.893 0.957 131.724 -0.253675  467.987 0.972053 142.467 -0.551979  
336  468.181 0.972011 126.827 0.0823703  467.681 0.993418 172.678 0.106758  468.231 0.970436 131.066 0.681595  467.89 0.971936 135.328 -0.338973  
337  467.86 0.970057 149.891 0.128775  467.746 0.981325 129.699 -0.0480587  467.895 0.9559 136.871 -0.0987885  467.774 0.959085 127.688 0.672337  
338  467.941 0.970263 146.249 0.367509  467.603 0.968415 166.632 -0.0861663  467.751 0.946636 173.131 0.173333  467.38 0.961882 182.136 0.715173  
339  467.936 0.988661 128.123 -0.525709  467.427 0.992783 169.813 0.633094  467.036 0.960969 158.581 -0.376673  467.876 0.971352 137.903 -0.344121  
340  467.781 0.966215 166.845 0.0805002  467.825 0.983218 125.435 -0.203887  467.857 0.951578 138.031 -0.00253653  467.642 0.969116 159.323 -0.27778  
341  467.874 0.976495 126.144 -0.133905  467.688 0.990059 148.872 0.513718  467.705 0.965229 177.579 0.049915  467.658 0.965283 172.844 0.0823734  
342  467.706 0.964546 179.301 0.0529663  467.668 0.976365 135.386 -0.0773569  467.689 0.963779 185.499 -0.00111505  467.659 0.968478 169.551 -0.0512907  
343  467.629 0.962549 178.354 -0.00701292  467.71 0.975524 133.948 -0.128292  467.782 0.95942 142.811 -0.577869  467.623 0.96896 159.813 -0.227958  
344  467.939 0.972932 133.423 0.162483  467.689 0.976343 135.906 -0.0723936  467.7 0.964633 172.696 0.161508  467.873 0.970859 144.958 -0.46961  
345  467.728 0.964992 170.805 0.103071  467.64 0.968727 155.263 -0.138153  467.871 0.956779 135.845 -0.206761  467.592 0.964464 180.716 0.26258  
346  467.391 0.983234 141.771 0.00597015  467.603 0.994708 171.305 0.200954  467.558 0.963371 184.595 -0.00271986  467.753 0.975987 121.507 -0.0638376  
347  468.151 0.971694 129.47 0.25442  467.533 0.998133 162.393 -0.0528066  467.156 0.960362 142.837 -0.868664  467.747 0.985652 130.552 0.169609  
348  467.779 0.964735 178.476 -0.00307122  467.286 0.990885 151.087 1.30195  467.69 0.94855 170.286 0.450769  467.663 0.974407 138.15 -0.0241737  
349  468.03 0.952588 140.063 0.00606968  467.702 0.977922 126.84 -0.0830075  467.928 0.955568 135.628 -0.132402  467.528 0.967868 162.922 0.0352945  
350  467.541 0.981744 135.228 -0.125803  467.479 0.999346 150.17 -0.532126  467.569 0.965667 167.176 0.146986  467.818 0.974189 129.037 -0.353713  
351  467.911 0.953683 134.21 0.00812323  467.989 0.971349 129.407 -0.634791  467.301 0.940991 155.746 -0.171812  467.419 0.967036 170.333 0.159883  
352  468.004 0.986773 124.746 -0.405412  467.775 1.00611 134.313 0.00392258  467.281 0.991331 179.025 -0.184586  467.829 0.986153 123.835 0.0784959  
353  467.826 1.00003 155.838 0.237264  467.628 0.999057 149.412 -0.118889  467.992 0.974155 120.922 0.00364481  467.748 0.984499 121.839 0.156071  
354  467.971 0.988955 138.199 -0.752125  467.399 0.990485 144.465 1.41631  467.594 0.968977 149.314 1.06353  467.83 0.989313 133.157 0.57535  
355  467.686 0.997846 162.838 0.298187  467.774 1.00524 131.749 -0.0695431  468.288 0.972682 120.009 0.00982708  467.561 0.997289 164.271 -0.0166989  
356  467.639 0.993288 168.708 -0.00793558  467.915 1.00879 129.413 0.200925  467.865 0.975432 121.691 0.0720853  467.485 0.997657 174.618 -0.0251916  
357  467.352 0.9913 160.862 -0.241498  467.475 1.01203 152.823 0.515059  467.868 0.976545 120.685 -0.0606308  467.57 0.994238 171.019 0.264709  
358  467.684 0.997478 166.134 0.292235  467.464 1.01239 173.592 0.486151  467.32 0.982956 138.624 0.04606  467.926 1.00582 125.718 -0.132567  
359  467.671 0.981399 133.542 -0.0945229  467.784 1.00228 139.228 -0.14341  467.87 0.985803 132.498 -0.097423  467.634 0.994566 175.055 0.20303  
360  467.484 0.992512 172.77 -0.0262141  467.613 1.0189 148.486 -0.0410229  467.72 0.984719 135.266 -0.101397  467.855 1.00338 129.63 -0.2241  
361  467.896 1.0022 127.147 0.0659283  467.789 1.02239 126.535 -0.33961  467.619 0.99728 156.495 0.434706  467.958 1.00853 135.099 0.16726  
362  467.92 0.975697 125.706 -0.0616477  467.228 0.991419 156.274 1.26124  467.722 0.965605 167.107 0.203201  467.733 0.983168 123.721 0.00313303  
363  467.684 0.984786 135.782 -0.041457  467.891 1.00608 124.719 -0.0552252  467.41 0.968296 155.02 1.07407  468.035 0.986945 121.785 -0.0467573  
364  467.446 0.981455 133.684 -0.225426  467.64 0.993286 160.654 0.126962  467.445 0.965891 160.726 0.40385  467.932 0.988279 123.042 0.348681  
365  467.895 0.978965 123.637 -0.452775  467.554 0.997653 162.874 -0.0265621  467.774 0.979722 123.467 -0.768  467.573 0.999545 155.232 -0.475607  
366  467.462 0.99158 161.822 -0.123778  467.908 1.00806 129.902 0.0680193  467.875 0.979358 125.417 -0.816585  467.642 0.994637 169.938 0.0564335  
367  467.732 0.969355 152.665 0.668283  467.448 0.990937 161.495 0.826648  467.248 0.96097 161.097 -0.262416  467.851 0.971673 140.739 -0.263731  
368  468.013 0.987243 133.918 -0.423651  467.395 0.991881 167.335 0.674766  467.822 0.975912 125.505 -0.044229  467.948 0.988064 124.41 0.226867  
369  468.076 0.972421 130.146 0.14729  467.502 0.998525 170.922 -0.0846587  467.765 0.963407 175.109 0.0543314  467.708 0.994947 172.82 -0.0086569  
370  467.629 0.998645 147.578 0.537851  467.985 1.00235 127.706 -0.596384  468.019 0.987971 129.023 -0.510846  467.575 0.993661 171.05 0.322418  
371  467.741 0.982323 137.539 -0.0306828  467.876 1.00572 126.759 -0.135558  467.932 0.977402 124.116 -0.242846  468.018 1.00695 122.712 -0.0369585  
372  467.591 0.967508 172.807 0.489123  467.57 0.981223 128.758 0.450201  467.482 0.968124 168.949 0.806197  467.826 0.985184 127.384 -0.0632303  
373  467.83 0.985704 134.871 -0.17875  467.917 1.00299 126.436 -0.4488  467.931 0.975395 124.768 -0.0343303  467.672 0.980399 126.07 0.255603  
374  467.323 0.991206 167.178 -0.260236  467.278 1.01861 148.622 -0.195264  467.858 0.986275 130.657 -0.248051  467.639 0.995018 169.687 0.131685  
375  467.883 0.98685 134.545 -0.278627  467.828 1.00163 143.158 -0.287967  467.729 0.969399 145.594 1.13097  467.418 0.991148 175.268 0.788289  
376  467.646 0.981105 133.163 -0.146749  467.464 0.992174 168.381 0.57658  467.538 0.962894 174.495 -0.00815039  467.896 0.98907 130.262 0.546391  
377  467.958 0.988755 134.399 -0.623761  467.457 1.01253 170.233 0.418017  468.324 0.971403 117.5 0.268435  467.69 0.996258 165.386 -0.0054726  
378  467.728 0.98413 133.582 -0.0202625  467.79 1.00287 133.627 -0.124929  467.798 0.979353 122.865 -0.348642  467.861 0.988441 137.239 0.207066  
379  467.904 1.00047 146.103 0.295089  467.55 1.014 165.103 0.216015  467.59 0.96846 166.866 0.592832  467.881 1.00264 134.542 -0.34144  
380  467.937 0.988844 133.155 -0.588672  467.485 1.01762 162.581 0.0441077  467.707 0.980109 128.485 -0.429932  467.555 0.993258 167.544 0.296917  
381  467.635 1.0133 176.723 0.0706159  467.524 1.01309 162.307 0.352629  467.575 0.992074 164.364 0.0299577  467.633 1.01441 155.614 0.141205  
382  467.403 0.992559 165.999 -0.0390838  467.48 1.01543 171.465 0.056119  467.559 0.980941 131.773 -0.277687  467.502 0.997935 164.182 0.0327177  
383  467.832 0.96982 136.256 0.523983  467.813 1.00973 138.806 0.516873  467.64 0.962362 176.922 -0.00880579  467.588 0.98554 133.127 0.326896  
384  467.788 0.972963 137.095 0.213377  468.079 0.988013 116.301 0.264979  466.922 0.96118 173.388 -0.256348  467.854 0.9734 130.661 -0.248771  
385  468.04 0.9709 140.634 0.344123  467.869 0.973727 132.453 -0.213796  467.905 0.958109 138.792 -0.298184  467.851 0.969951 147.75 -0.715654  
386  467.905 0.95723 140.1 -0.214376  467.658 0.976243 128.42 0.0345932  467.378 0.961282 166.891 -0.120318  468.022 0.953141 127.209 -0.590142  
387  467.876 0.973113 133.412 0.0866352  467.436 0.990398 144.735 1.50054  467.51 0.962769 170.176 -0.0123198  467.766 0.978772 139.708 0.064554  
388  467.722 0.965984 169.641 0.200463  467.527 0.98254 137.746 0.442085  467.652 0.963581 177.565 -0.00247275  467.876 0.970639 146.844 -0.433989  
389  467.621 0.968972 151.38 0.903794  467.883 0.98329 123.423 -0.244685  468.098 0.970722 128.752 0.309143  467.458 0.992488 175.885 0.572165  
390  467.745 0.977433 132.347 0.067294  467.591 0.999396 156.269 -0.282546  467.566 0.962581 189.047 -0.00606789  467.435 0.983315 135.071 0.639256  
391  467.999 0.952976 138.753 -0.00847991  467.626 0.980064 128.876 0.488738  467.744 0.948378 163.434 0.271204  467.574 0.959695 139.592 1.08647  
392  467.776 0.981978 132.401 -0.0312477  467.634 0.990053 147.327 0.77834  467.492 0.963003 184.062 0.0505433  467.678 0.994007 171.419 0.04818  
393  467.838 0.971861 141.899 -0.00304521  467.644 0.994788 167.58 0.0556293  467.763 0.976366 134.41 0.139873  467.754 0.989601 136.15 0.595039  
394  467.587 0.960009 149.647 -0.526202  467.737 0.97891 128.111 0.18708  467.939 0.955568 134.429 -0.142281  467.947 0.970971 142.589 -0.576674  
395  467.687 0.967336 171.961 0.276312  467.442 0.993079 174.962 0.525709  468.207 0.970889 127.384 0.619543  467.726 0.974297 143.625 -0.0587884  
396  467.936 0.97601 126.857 -0.143979  467.679 0.995519 169.417 -0.00701693  467.646 0.966734 172.74 0.354836  467.959 0.971147 136.23 -0.585476  
397  467.606 0.967531 178.163 0.451007  467.844 0.972617 143.937 -0.21961  467.471 0.962501 172.658 -0.017249  467.664 0.983943 135.753 0.110981  
398  467.925 0.956424 134.105 -0.182514  467.748 0.972449 141.412 -0.0769072  467.674 0.948489 159.065 0.550115  467.685 0.96392 181.54 0.0756321  
399  467.77 0.966067 178.618 0.0993699  467.639 0.983594 130.563 0.239696  467.779 0.963922 184.219 -0.000823177  467.669 0.969242 163.233 -0.257947  
400  467.792 0.976625 132.843 0.0762572  467.8 1.00105 149.022 -0.264993  467.685 0.966588 168.334 0.183332  467.735 0.979788 130.401 -0.151167  
401  468.01 0.971227 134.559 0.258461  467.494 0.981194 133.141 0.64889  467.925 0.953688 144.702 -0.0178897  467.426 0.963004 181.959 0.597431  
402  467.465 0.961663 177.616 -0.0455359  467.862 0.98755 132.712 0.0079404  467.963 0.950128 146.825 0.275187  467.685 0.963945 181.219 0.075625  
403  467.903 0.955888 139.024 -0.130428  467.83 0.97256 142.922 -0.252431  467.911 0.956143 138.24 -0.158382  467.545 0.964247 187.475 0.356065  
404  468.078 0.970725 134.181 0.278168  467.792 0.972484 143.779 -0.174068  467.992 0.952467 140.793 0.00571619  467.596 0.963219 189.327 0.25468  
405  467.301 0.96226 175.331 -0.0322348  467.711 0.984341 132.254 0.115674  467.788 0.949044 156.369 0.413531  467.599 0.96603 169.763 -0.00853804  
406  467.852 0.955302 143.65 -0.0164488  467.739 0.972148 148.418 -0.00335227  468.158 0.951413 138.473 0.0992138  467.668 0.968765 173.229 -0.0665331  
407  467.617 0.968747 168.245 0.619394  467.87 0.986124 127.223 0.0384164  467.572 0.962962 178.824 -0.0054669  467.707 0.983523 124.595 0.136794  
408  467.696 0.963298 182.638 -0.00164852  467.523 0.992238 181.28 0.438183  468.089 0.95335 129.498 -0.0379937  467.85 0.970137 147.706 -0.526374  
409  467.975 0.969998 148.934 0.574847  467.251 0.993001 187.494 0.976105  467.589 0.942439 185.482 -0.00584631  467.821 0.97288 140.763 -0.223809  
410  467.793 0.972709 132.94 0.148775  467.531 0.982621 134.243 0.442432  467.66 0.959775 143.108 -0.606673  468.009 0.973313 128.099 -0.568399  
411  467.798 0.966168 177.722 0.0424491  467.495 0.993703 181.645 0.412192  467.18 0.961366 176.138 -0.132044  467.69 0.975246 139.818 -0.100844  
412  468.12 0.971718 132.87 0.167593  467.704 0.982086 128.908 0.0736464  467.661 0.959739 140.71 -0.659157  467.925 0.956481 127.543 -0.0940414  
413  467.458 0.961239 162.932 -0.11082  467.467 0.991533 173.117 0.612468  467.818 0.959249 135.677 -0.705723  467.82 0.970139 153.379 -0.384624  
414  467.715 0.964191 170.917 0.0515665  467.314 0.990891 158.31 1.22574  467.712 0.948152 162.287 0.33547  467.653 0.965734 183.538 0.0886195  
415  467.996 0.95331 139.97 -0.0149594  467.453 0.990509 153.803 1.16305  467.942 0.952458 141.28 0.000619174  467.795 0.974848 130.201 -0.152657  
416  467.278 0.991942 163.62 -0.11452  467.772 1.00124 137.364 -0.272517  467.952 0.971809 131.074 0.162049  467.713 0.975217 129.943 0.0473129  
417  467.554 0.993608 174.012 -0.00631795  467.468 1.01273 166.282 0.47276  467.988 0.978133 117.722 -0.474082  467.797 0.989243 128.932 0.82321  
418  467.468 0.990736 151.747 -0.490339  467.533 0.99654 162.626 0.132864  467.854 0.975499 122.349 0.07346  467.261 0.991389 170.607 1.1248  
419  467.893 0.977114 126.982 -0.142499  467.579 0.993554 169.17 0.314221  468.092 0.971708 129.234 0.227444  467.776 0.976861 128.149 -0.080649  
420  468.053 0.970535 136.199 0.422081  467.403 0.99059 155.614 1.2488  467.672 0.966069 175.635 0.206904  467.675 0.965722 174.345 -0.00532366  
421  467.831 0.977719 128.964 -0.0404329  467.392 0.992667 171.906 0.706249  467.365 0.960138 139.993 -0.852589  467.701 0.980193 127.881 0.147198  
422  467.882 0.98578 134.231 -0.133347  467.563 1.01475 171.214 0.113932  467.925 0.973897 127.559 0.0237592  467.166 0.991045 175.598 1.47115  
423  467.637 0.983818 130.681 -0.0936296  467.81 1.00256 139.799 -0.19365  467.85 0.976395 121.261 -0.0110629  467.648 0.995894 169.258 -0.00569538  
424  467.813 0.976162 129.847 -0.00972724  467.718 0.993803 167.496 0.0350978  467.394 0.961734 183.631 -0.0429302  467.711 0.982184 122.098 0.0918079  
425  467.789 0.978325 133.021 0.0442551  467.552 0.999063 154.253 -0.204477  467.957 0.970529 141.396 0.381028  467.698 0.979709 122.544 0.201822  
426  467.861 0.974037 131.633 0.0380319  467.6 0.995976 158.011 0.0568014  467.854 0.976156 126.57 -0.0644819  467.356 0.982503 138.715 0.814829  
427  467.673 0.975092 135.653 0.226642  468.025 0.988705 127.099 0.403551  467.782 0.965282 171.572 -0.00922012  467.711 0.980089 123.607 0.144728  
428  467.509 0.980507 131.414 -0.595964  467.923 1.00147 130.678 -0.582104  468.061 0.970163 139.988 0.614606  467.538 0.991831 171.92 0.357861  
429  467.823 0.979224 123.381 -0.109561  467.841 1.00075 137.81 -0.528083  467.802 0.97971 119.864 -0.336661  467.773 0.986659 126.009 0.303088  
430  467.788 0.983711 136.533 -0.0492946  467.722 1.00033 146.992 -0.0507505  467.356 0.961502 170.637 -0.0877712  467.704 0.984849 123.906 0.194185  
431  467.938 0.976777 120.049 -0.240202  467.627 0.981051 121.97 0.340926  467.464 0.964845 171.46 0.269922  467.819 0.972541 138.122 -0.286948  
432  467.743 0.996325 165.772 0.0902022  467.884 1.00736 130.27 -4.14596e-06  467.524 0.982195 136.474 -0.0920922  467.61 0.998832 152.393 -0.0971149  
433  467.663 0.969001 154.641 0.700824  467.644 0.995521 171.024 -0.00637988  467.967 0.977453 121.389 -0.33317  467.759 0.973839 134.884 -0.228394  
434  468.048 0.973171 126.35 0.0758956  467.943 0.988224 127.997 0.130506  468.181 0.95285 123.206 0.0283898  467.749 0.983155 130.577 -0.00595711  
435  467.917 0.972288 132.728 0.124644  467.692 0.999258 149.176 -0.0455027  468.006 0.972552 125.977 0.237487  467.365 0.990697 153.264 1.2912  
436  468.054 0.971687 131.736 0.284285  467.707 0.981454 123.066 0.0833326  467.572 0.963067 177.67 -0.00514413  467.886 0.973173 135.65 -0.34239  
437  467.876 0.978221 130.503 -0.204879  467.526 0.992987 169.37 0.290658  467.734 0.969454 152.858 1.10285  467.521 0.991412 170.678 0.503794  
438  467.825 0.979379 134.258 -0.280449  467.49 0.992704 172.968 0.501679  467.881 0.976591 133.728 -0.123827  467.795 0.982958 128.866 -0.106965  
439  467.85 0.973731 137.074 0.0162847  467.677 1.00342 140.606 -0.0355711  468.06 0.970593 137.669 0.303102  467.685 0.978961 128.612 0.0432973  
440  468.05 0.971484 142.241 0.160316  467.211 0.991224 169.119 1.28908  467.903 0.974792 131.957 -0.00478481  467.575 0.993498 172.673 0.321492  
441  467.723 0.995039 182.389 0.12947  467.915 1.00737 127.845 0.0748068  468.002 0.970807 140.138 0.338779  467.501 0.990572 159.463 0.872639  
442  467.673 0.980115 132.287 -0.549129  467.822 1.00078 142.349 -0.421296  467.286 0.981379 144.379 -0.278311  467.365 0.992114 179.494 0.776699  
443  468.002 0.973252 130.629 0.0240751  467.582 0.993659 167.285 0.241791  467.294 0.960329 150.277 -0.685347  467.672 0.968681 146.705 -0.111839  
444  467.712 0.984156 138.424 -0.0594586  467.942 1.00703 132.912 -0.00203843  467.799 0.964445 175.19 0.0524896  467.317 0.991422 164.956 0.923792  
445  467.69 0.967993 165.152 0.196827  467.583 0.99531 160.378 0.195124  467.995 0.970219 134.66 0.402187  467.536 0.982576 139.231 0.415998  
446  467.768 0.980404 129.691 -0.0887237  467.764 1.0027 143.345 -0.169429  467.72 0.969339 150.915 0.787006  467.797 0.986715 134.852 0.0373936  
447  467.9 0.97578 122.836 -0.0707193  467.597 0.996226 161.088 0.061162  468.008 0.970293 135.875 0.616735  468.003 0.987482 123.554 0.120019  
448  467.838 0.979332 126.877 -0.350064  467.704 1.01518 168.259 -0.00871569  467.344 0.981369 139.235 -0.277489  467.414 0.990459 150.549 1.43041  
449  467.412 0.982442 141.784 -0.0845034  467.356 1.01284 163.177 0.708341  467.341 0.981172 138.43 -0.352779  467.411 0.992608 158.931 0.684097  
450  467.973 0.978274 122.426 -0.494784  467.552 0.99488 160.775 0.117123  467.699 0.967239 165.866 0.256727  467.586 0.995978 166.845 -0.00773677  
451  467.778 0.993102 170.509 -0.00265657  467.839 1.004 130.68 -0.156408  468.129 0.972523 129.925 0.0865035  467.476 0.99705 168.72 -0.0160567  
452  467.733 0.995084 164.705 0.0500903  467.734 1.01008 136.257 0.937989  467.624 0.984975 130.621 -0.10035  467.605 0.996891 166.322 -0.00842971  
453  467.488 0.992412 173.32 0.0406889  467.928 1.00938 135.063 0.493335  467.661 0.982851 133.769 0.00880647  467.237 0.99164 167.952 1.13456  
454  467.724 0.983656 127.99 -0.0979022  467.586 1.01381 163.441 0.144326  467.72 0.965527 168.636 0.20629  467.809 0.978629 124.861 0.095216  
455  467.792 0.984741 140.141 -0.0717422  467.306 1.01247 176.587 0.810584  467.933 0.987466 140.35 -0.351991  467.651 0.996538 173.271 -0.00337793  
456  467.532 1.01173 165.445 -0.113729  468.237 1.02761 118.393 0.0668518  467.581 0.980869 131.684 -0.27458  467.537 1.01257 164.994 0.331895  
457  467.587 0.998891 157.613 0.681423  467.63 1.01489 165.543 -0.0144104  467.626 0.993838 171.657 0.0615348  467.588 1.01651 158.963 -0.00886299  
458  467.812 0.984451 134.639 -0.0261284  467.49 1.01926 150.317 -0.204278  467.734 0.98994 141.746 -0.79236  467.747 1.00342 139.952 -0.107267  
459  468.009 1.0024 126.978 0.0127418  467.478 1.01168 162.825 0.521883  467.521 0.982338 132.602 -0.089866  467.859 1.00322 127.45 -0.306198  
460  467.82 0.989807 138.116 -0.854941  467.466 1.01252 161.537 0.488729  467.785 0.984995 132.431 -0.0799154  467.597 0.997184 161.441 -0.0139623  
461  467.938 1.00445 128.228 -0.0797307  467.861 1.00874 128.007 0.271915  467.939 0.987085 130.382 -0.404852  467.194 0.991326 169.572 1.31066  
462  467.627 0.982831 133.862 -0.0623835  467.585 0.995342 162.287 0.0556144  467.955 0.975093 120.376 0.0473698  467.531 0.993217 163.448 0.417621  
463  467.603 0.995581 167.029 0.376378  467.513 1.01582 160.644 0.175944  467.481 0.990713 151.27 -0.493516  467.788 1.00994 132.407 0.865297  
464  467.768 0.995515 165.86 0.0450451  467.749 1.00054 150.302 -0.165756  467.98 0.972897 132.799 0.106631  467.496 0.99711 175.621 -0.0116931  
465  467.438 0.992186 171.958 -0.0464152  467.906 1.00657 128.096 -0.0573111  467.681 0.984455 136.399 -0.0821885  467.755 0.984717 130.885 -0.000626721  
466  467.835 0.976837 128.185 0.00119243  468.015 0.987532 122.892 0.131642  468.059 0.956876 124.24 -0.466928  467.533 0.981788 129.048 0.492678  
467  467.864 1.0001 135.464 0.892651  467.528 1.01495 149.646 0.0769573  467.938 0.989337 127.869 -0.802562  467.523 1.01326 165.79 0.192209  
468  467.8 0.979119 126.488 0.0372797  467.678 0.995131 164.415 0.127701  467.684 0.967373 163.821 0.292845  467.751 0.983404 123.037 -0.0159102  
469  467.714 0.980082 129.381 -0.41828  467.832 1.00958 136.724 0.41616  467.676 0.980138 125.381 -0.554148  467.528 0.992882 168.86 0.423518  
470  467.527 0.982606 136.172 -0.074721  467.803 1.00199 139.933 -0.202147  468.035 0.972366 125.382 0.130677  467.603 0.980248 128.114 0.652349  
471  467.56 0.993859 168.519 0.059029  467.366 1.01086 155.748 1.24124  467.775 0.979903 121.652 -0.317612  467.569 0.994455 171.595 0.269011  
472  467.63 0.992135 165.731 -0.0292441  467.494 0.994891 177.483 0.349729  467.481 0.961739 175.744 0.0181792  467.527 0.99475 178.588 0.349495  
473  467.71 0.99285 173.546 -0.00567676  466.707 0.999211 149.037 -0.0719893  467.686 0.990196 153.31 -0.604045  467.676 0.999968 144.588 -0.194447  
474  467.717 0.983955 135.007 -0.0683519  467.933 1.00732 126.319 0.0694525  467.896 0.974119 126.602 0.0572082  467.447 0.999137 165.568 -0.314718  
475  467.866 1.00516 134.558 -0.0138951  467.607 1.01212 167.805 0.189987  467.833 0.978455 122.911 -0.0522625  467.576 1.01576 156.906 -0.0152678  
476  467.744 0.996085 163.471 0.0917324  467.482 0.998575 149.334 -0.160826  468.04 0.988166 129.928 -0.604321  467.491 1.016 162.802 -0.00963345  
477  467.887 0.986566 130.133 -0.248018  467.99 1.00718 129.888 0.00982519  467.669 0.991875 177.42 -0.0227598  467.437 1.0113 154.088 0.739189  
478  467.727 0.980004 127.658 -0.451972  467.834 1.00985 138.12 0.879113  467.696 0.966791 168.407 0.0671708  467.565 0.983757 127.971 0.356753  
479  467.764 0.995382 150.719 0.00895838  467.895 1.02145 129.661 -0.757631  467.866 0.978274 119.498 -0.116222  467.316 1.01202 157.458 0.873798  
480  467.975 0.958265 129.711 -0.588771  467.427 0.983461 129.936 0.621829  467.969 0.955737 131.116 -0.189301  467.654 0.964205 184.131 0.0814307  
481  468.004 0.988788 128.257 -0.683352  467.566 0.998232 163.278 -0.0481187  467.967 0.973191 133.743 0.0336899  467.468 0.981702 129.2 0.661592  
482  467.729 0.968986 157.223 0.382629  467.593 0.990164 139.093 1.15886  467.779 0.965196 164.822 0.0959158  467.533 0.968161 162.513 -0.101904  
483  467.737 0.981193 130.905 -0.0676726  467.716 0.996249 170.205 -0.00305637  467.814 0.969525 148.002 0.742837  467.62 0.992615 177.841 0.232738  
484  467.944 0.977305 122.817 -0.25281  467.686 0.982829 126.822 0.136802  467.745 0.969366 154.833 0.759458  467.822 0.980965 127.615 -0.291777  
485  467.91 0.976054 127.01 -0.0939438  467.642 0.99937 156.872 -0.156659  467.573 0.968829 173.459 0.763226  467.857 0.972072 139.099 -0.325309  
486  467.498 0.967899 178.543 0.709383  467.605 0.99392 174.516 0.193262  467.331 0.96087 159.36 -0.261468  467.641 0.969024 174.893 -0.154301  
487  467.71 0.980175 137.513 -0.313954  467.718 0.989905 142.454 0.590216  467.564 0.962628 190.276 -0.00545063  467.776 0.979225 125.306 0.227697  
488  467.937 0.974835 126.77 0.000142712  467.463 0.990909 155.224 0.819479  467.692 0.966141 173.491 0.25883  467.516 0.967826 171.877 -0.0529135  
489  467.518 0.99332 180.741 0.0609665  467.88 1.00107 138.612 -0.53965  467.571 0.968494 163.835 0.66694  467.843 1.00251 134.083 -0.262112  
490  467.596 0.980452 129.328 -0.471101  467.536 0.993873 172.124 0.401009  467.478 0.963007 181.285 -0.00639593  467.999 0.970532 135.678 -0.892848  
491  467.706 0.965602 176.795 0.047029  467.609 0.965915 167.854 0.0818724  467.753 0.950693 153.739 -0.0504396  467.65 0.966087 173.721 -0.00520791  
492  467.673 0.994319 161.508 0.120887  467.924 0.986127 120.149 -0.0361407  467.929 0.958617 130.338 -0.589824  467.699 0.979632 126.585 0.192706  
493  467.949 0.988829 132.647 -0.489772  467.842 1.00474 135.043 -0.144281  467.966 0.973929 127.154 0.0215303  467.858 0.984015 123.026 -0.132936  
494  467.794 0.964764 183.993 0.0535847  467.785 0.978968 130.08 0.145479  468.095 0.971805 131.934 0.215607  467.888 0.970316 144.473 -0.702613  
495  467.77 0.97952 130.88 -0.278859  467.448 0.990611 144.139 1.14053  468.084 0.971091 129.701 0.264182  467.78 0.974216 133.653 -0.188495  
496  467.828 0.978274 130.551 -0.0649411  467.833 0.972055 141.145 -0.274497  467.927 0.958704 130.556 -0.658669  467.749 0.975314 137.494 -0.0281879  
497  467.782 0.97937 132.208 -0.251631  467.749 0.997324 149.43 -0.00343809  467.29 0.963275 184.418 -0.00607199  467.826 0.976248 125.609 -0.139359  
498  468.046 0.988656 128.116 -0.901671  467.765 0.983522 129.322 -0.0192129  467.659 0.981991 132.13 -0.00185389  467.706 0.975149 134.575 0.0123066  
499  467.962 0.986386 130.796 -0.320964  467.621 0.996168 165.186 0.0644264  467.662 0.982278 132.666 -0.064686  467.95 0.988728 130.298 0.288967  
500  467.689 0.969234 155.542 0.864378  467.669 0.981981 135.708 0.136041  467.784 0.959423 139.489 -0.432398  467.938 0.973131 131.784 -0.442605  
501  467.648 0.969016 153.066 0.722778  467.83 0.975115 127.891 -0.231803  467.763 0.97469 124.828 0.0981655  467.781 0.969968 150.28 -0.449329  
502  467.837 0.975148 128.974 0.0476785  467.892 0.970919 147.715 -0.426562  467.855 0.953115 142.028 -0.0161104  467.623 0.968743 170.226 -0.115575  
503  467.863 0.975215 131.371 -0.0452263  467.637 0.995716 155.902 -0.0194975  468.066 0.97046 134.541 0.38335  467.953 0.972039 137.624 -0.609654  
504  468.053 0.972284 132.378 0.0917522  467.619 0.998192 163.118 -0.0298196  467.659 0.983373 141.596 -0.03627  467.812 0.975986 128.837 -0.04577  
505  467.728 0.999258 149.192 0.37023  467.769 1.00445 133.186 -0.00100616  467.669 0.982565 123.299 -0.109284  467.392 0.992418 165.912 0.721995  
506  467.929 0.970607 146.247 0.126004  467.625 0.98638 136.613 0.247843  467.343 0.961077 171.337 -0.160403  467.717 0.977024 134.328 -0.0531542  
507  468.072 0.970645 138.244 0.295119  467.894 0.985667 124.651 -0.036674  467.736 0.964305 177.03 -0.00246578  467.576 0.96894 158.11 -0.322633  
508  467.603 0.963937 177.341 -0.002711  467.504 0.984553 131.92 0.430321  467.94 0.957887 124.81 -0.333015  467.948 0.970552 144.569 -0.790096  
509  467.985 0.982784 132.01 -0.00640029  467.849 1.00413 128.983 -0.226533  467.726 0.966518 171.083 0.191517  467.409 0.997814 172.067 -0.0446566  
510  467.837 0.984928 138.442 -0.089723  467.677 0.997462 169.985 -0.00462344  467.943 0.974337 120.91 -0.0186258  467.666 0.99466 183.569 0.13783  
511  467.778 0.974406 139.67 0.117032  418.382 0.989921 141.567 1.345  467.985 0.972646 131.522 0.0548863  467.722 0.98964 135.135 0.878416  
512  467.704 0.96922 153.756 0.628651  467.609 0.982327 134.036 0.273354  468.02 0.950535 144.938 0.149306  467.825 0.972381 141.062 -0.181335  
513  467.982 0.97042 139.731 0.472297  467.788 0.972997 136.014 -0.141289  467.965 0.953687 140.013 -0.0254675  467.961 0.95644 121.714 -0.161015  
514  467.439 0.962457 170.199 -0.0216925  467.771 0.975813 124.025 -0.127599  468.007 0.957525 128.247 -0.475649  467.587 0.968435 158.146 -0.12485  
515  467.968 0.970639 137.495 0.173087  467.835 0.976726 128.478 -0.072035  467.829 0.955424 139.207 -0.0470953  467.61 0.964068 182.924 0.169575  
516  468.068 0.987619 130.598 -0.587444  467.885 1.00563 123.708 -0.17596  467.778 0.98401 135.702 -0.0635301  468.019 1.00663 119.526 -0.0979835  
517  467.688 0.964272 181.668 -0.00173829  467.777 0.989705 137.178 0.72433  468.205 0.970995 129.14 0.39546  467.672 0.981253 128.843 0.0721572  
518  467.513 0.968237 167.834 0.51791  467.822 0.986908 122.743 0.231389  467.343 0.960951 162.451 -0.218616  467.65 0.965751 171.701 -0.00696121  
519  467.358 0.961364 173.22 -0.0999205  467.842 0.986046 127.098 0.0262161  467.604 0.962581 170.769 -0.0102647  468.003 0.972811 134.277 -0.541532  
520  467.998 0.974587 122.657 -0.0766354  467.691 0.999747 148.486 -0.180008  467.71 0.964143 176.762 0.0532197  467.392 0.982571 131.518 0.695782  
521  467.831 0.97796 127.477 -0.158481  467.78 0.985742 128.497 0.0829233  467.435 0.962192 175.596 -0.0256812  467.919 0.987211 126.792 0.0661473  
522  467.927 0.974037 131.666 -0.0165525  467.587 0.996262 167.095 0.0648429  467.858 0.979227 123.264 -0.406599  467.834 0.986042 130.035 0.0513058  
523  467.757 0.985007 139.343 -0.090216  467.612 0.990112 144.7 0.822871  467.986 0.957602 128.8 -0.434471  467.684 0.979854 129.303 0.527108  
524  467.8 0.98232 133.326 -0.0257898  467.709 0.984042 133.709 0.0942795  467.961 0.974509 124.147 0.0603562  467.697 0.983932 135.5 0.105902  
525  467.676 0.967142 162.754 0.303556  467.822 0.9709 142.24 -0.321825  467.959 0.95766 128.327 -0.365426  467.713 0.97633 129.576 -0.0267338  
526  467.723 0.96662 174.676 0.19584  467.95 0.988207 128.964 0.133623  467.924 0.958721 133.238 -0.637195  467.965 0.971695 139.282 -0.53059  
527  467.59 0.96852 159.61 0.666285  467.934 0.986036 125.643 -0.134165  467.561 0.967583 166.898 0.566686  467.702 0.973996 135.851 -0.108539  
528  467.674 0.984079 139.092 -0.0559776  467.767 1.00104 141.395 -0.16702  467.65 0.966777 177.436 0.252155  467.602 0.983607 126.753 0.218739  
529  467.648 0.981444 137.659 -0.0929342  467.785 0.97574 128.449 -0.0758724  467.889 0.970146 138.777 0.449032  467.749 0.976866 130.42 -0.0721869  
530  467.788 0.989777 131.784 -0.769712  467.849 0.98951 128.949 0.802154  467.855 0.986813 130.896 -0.280296  467.683 0.995276 162.816 0.056454  
531  467.915 0.976248 125.976 -0.199284  467.771 0.969679 154.383 -0.692774  467.473 0.962343 174.628 -0.0195325  467.747 0.969625 158.461 -0.648982  
532  467.857 0.975139 120.883 -0.00909932  467.887 0.986811 123.692 -0.00451293  467.798 0.965143 174.466 0.0489821  467.731 0.974926 129.843 -0.0698839  
533  467.818 0.95116 150.357 -0.00740031  467.816 0.975942 127.42 -0.14914  467.929 0.951547 143.474 0.0202606  467.391 0.963372 171.359 0.669681  
534  467.829 0.978298 126.568 -0.0507466  467.963 0.986931 122.446 0.0196621  467.919 0.988294 129.489 -0.717375  467.221 0.991623 171.111 1.16399  
535  467.931 0.970097 146.752 0.466299  467.721 1.00004 145.092 -0.259973  467.659 0.966257 183.696 0.322722  467.894 0.989045 134.447 0.337135  
536  467.612 0.961878 179.442 -0.0181188  467.472 0.981986 134.803 0.527708  467.636 0.96223 180.375 -0.00952117  467.878 0.972662 137.512 -0.346553  
537  467.571 0.990773 156.292 -0.300321  467.874 0.9892 130.828 0.413699  467.533 0.963706 177.891 0.0523773  467.88 0.986443 125.46 0.0546589  
538  467.468 0.962658 171.15 -0.0152536  467.488 0.992334 168.076 0.519555  468.105 0.952499 135.774 0.014156  467.815 0.978203 124.455 0.0266786  
539  467.965 0.971378 140.313 0.207811  467.467 0.991045 165.728 0.72028  467.731 0.969282 154.036 0.513293  467.877 0.987216 131.311 -0.0138933  
540  467.867 0.969732 144.221 0.44624  467.275 0.992164 175.37 0.900574  467.52 0.960094 148.857 -0.579611  467.794 0.986804 126.9 0.329258  
541  467.633 0.968789 164.184 0.572106  467.308 0.991374 163.422 0.961814  467.714 0.959542 137.499 -0.811109  467.764 0.979136 128.314 0.129403  
542  467.895 0.976556 124.35 -0.0778469  467.732 0.982167 121.328 0.0459869  467.877 0.958877 133.63 -0.492846  467.523 0.968242 166.526 -0.106859  
543  467.103 0.960981 167.739 -0.296209  467.673 0.994904 168.936 0.12988  467.556 0.968201 164.444 0.654853  467.787 0.981066 127.452 -0.17338  
544  467.48 0.990863 152.337 -0.381248  467.946 1.00531 119.685 -0.140502  467.939 0.978547 117.523 -0.425477  467.967 0.988313 123.247 0.283489  
545  467.836 0.985826 134.437 -0.196226  467.867 0.98912 133.825 0.498025  467.719 0.983778 127.609 -0.10677  467.526 0.983975 132.053 0.416915  
546  467.545 0.984111 134.164 -0.0256496  467.557 1.00014 136.208 -0.333702  467.625 0.967904 161.196 0.447236  467.377 0.983406 136.262 0.755548  
547  467.626 0.968011 180.715 0.327766  467.642 0.994018 171.732 0.119827  467.619 0.967089 186.696 0.314577  467.791 0.975325 137.207 -0.110412  
548  467.759 0.977058 134.695 0.0321034  467.69 0.998763 155.382 -0.0205378  467.716 0.97456 129.589 0.0429938  467.77 0.985185 126.232 0.0665625  
549  467.872 0.978032 131.158 -0.17823  467.836 1.00408 133.633 -0.165663  467.626 0.983132 143.505 -0.0337455  467.804 1.00069 143.063 -0.380481  
550  467.944 0.974869 125.361 -0.0755531  467.448 0.993316 167.834 0.582673  468.094 0.972416 128.742 0.0854452  467.084 0.991791 175.001 1.42638  
551  467.489 0.992224 166.025 -0.0405232  467.324 0.99257 163.913 0.58184  467.935 0.97599 125.022 -0.118518  467.689 0.984035 127.091 0.182443  
552  467.671 0.993785 165.67 0.0596327  467.592 1.01991 140.656 -0.348338  467.786 0.979723 129.602 -0.392177  467.691 0.994149 161.898 -0.0396357  
553  467.551 0.980953 137.061 -0.255067  467.834 1.00572 130.185 -0.108827  467.932 0.970048 146.174 0.519865  467.629 0.980579 126.167 0.270914  
554  467.956 0.988432 135.793 -0.412211  467.745 1.00022 136.505 -0.328779  467.93 0.978882 118.19 -0.559464  467.848 1.00265 132.536 -0.262637  
555  467.856 0.977767 126.633 -0.115206  467.516 0.99532 162.991 0.126859  467.602 0.980603 133.226 -0.227556  467.875 0.989354 126.218 0.627026  
556  468.048 0.970493 144.514 0.317936  467.645 0.99448 167.488 0.0507543  467.962 0.953125 133.606 -0.0257562  467.776 0.977619 129.464 0.0728807  
557  468.044 0.953097 137.753 -0.010084  467.435 0.96303 176.135 0.581117  468.13 0.951691 142.245 0.0629349  467.674 0.969376 154.529 -0.293862  
558  467.843 0.993678 167.341 -0.00273632  467.472 0.994648 163.099 0.471351  467.893 0.978618 119.413 -0.27687  467.772 0.977254 128.99 -0.0543548  
559  468.105 0.971496 131.947 0.338373  467.731 0.987769 125.518 0.310555  467.71 0.959536 133.945 -0.824092  467.393 0.99076 153.978 1.13603  
560  467.438 0.968109 156.061 0.957176  467.599 0.992826 168.757 0.279065  467.544 0.968786 148.906 1.01016  467.932 0.972316 131.89 -0.538934  
561  467.936 0.974438 120.4 -0.0930908  467.839 0.974468 128.499 -0.315182  467.259 0.960287 149.249 -0.788702  467.768 0.979018 122.549 0.0666294  
562  467.857 0.974535 128.556 0.0983153  467.646 0.985486 130.364 0.297787  467.907 0.956488 136.515 -0.161629  467.599 0.964756 169.606 0.254196  
563  467.611 0.963481 181.771 0.164951  467.707 0.976113 134.21 -0.00493637  467.35 0.961587 177.078 -0.0688017  467.645 0.963802 176.01 0.155689  
564  467.87 0.979293 120.184 -0.587361  467.807 0.975528 127.566 -0.189688  467.66 0.983213 131.184 0.0567492  467.758 0.986163 131.521 0.141617  
565  468.053 0.98708 117.796 -0.580239  467.285 0.991128 157.916 1.21603  468.037 0.973052 119.344 0.0993526  467.652 0.982512 115.4 0.299518  
566  467.319 0.990731 151.638 -0.655955  467.981 1.00591 124.414 -0.131815  468.017 0.973964 121.316 -0.0862752  467.492 0.990479 150.806 1.05547  
567  467.336 0.992351 180.92 0.0335279  467.623 0.993396 166.056 0.227249  468.097 0.988143 124.968 -0.75551  467.621 0.985186 131.934 0.360242  
568  467.824 0.979306 127.925 -0.193268  467.341 0.992655 166.564 0.816985  467.897 0.973874 127.66 0.0823397  467.886 0.982953 122.091 -0.332744  
569  467.869 0.970221 144.587 0.234154  467.492 0.98349 124.129 0.531396  467.499 0.962972 179.116 0.0492011  467.624 0.968972 157.604 -0.245689  
570  467.944 0.955136 134.559 -0.109672  467.662 0.98444 130.475 0.173933  467.93 0.949623 156.115 0.450343  467.22 0.961802 171.54 1.07081  
571  467.803 0.983169 138.918 -0.0273605  467.643 0.99497 168.139 0.0584969  467.476 0.962805 186.268 -0.00679161  467.571 0.991198 166.156 0.414502  
572  467.589 0.968619 157.953 0.57417  467.804 0.989565 137.77 0.526579  467.817 0.947042 155.587 0.0467359  467.98 0.970771 143.123 -0.806159  
573  467.71 0.965258 169.969 0.044921  467.381 0.991436 160.453 0.861215  467.617 0.96335 173.47 -0.00418625  467.807 0.973771 133.436 -0.265934  
574  467.497 0.962831 174.139 -0.0101927  467.82 0.987518 125.615 0.325469  466.975 0.961014 159.3 -0.378949  467.717 0.986606 129.303 0.393526  
575  467.484 0.968187 157.166 0.852084  467.522 0.984448 125.397 0.511264  467.776 0.964383 170.709 0.106655  467.821 0.971808 136.809 -0.186739  
576  467.474 0.992355 179.48 -0.0262986  467.882 1.0087 128.316 0.149144  467.762 0.99731 159.106 0.129054  467.966 1.0022 129.325 -0.657791  
577  467.733 0.985517 133.973 -0.111323  467.39 0.991693 161.287 0.717648  467.853 0.986959 135.627 -0.221338  468.025 0.988315 121.661 0.229517  
578  467.842 0.974781 128.185 0.0169564  467.638 0.990153 143.416 0.791792  467.75 0.969331 152.364 0.664855  467.747 0.973644 139.392 -0.107273  
579  467.998 0.988869 130.404 -0.694145  467.447 1.01272 171.009 0.432279  467.562 0.981024 128.099 -0.270679  467.427 0.991992 159.985 0.682232  
580  467.717 0.999627 157.857 0.64441  467.924 1.00588 123.934 -0.14522  468.008 0.975807 120.264 -0.178902  467.87 1.0018 133.963 -0.474557  
581  467.662 0.992236 173.885 -0.0164547  467.546 1.01451 160.63 0.156923  467.845 0.986595 133.227 -0.257561  467.818 1.00971 140.034 0.505537  
582  467.959 0.989037 134.956 -0.773406  467.892 1.02367 121.919 -0.297467  467.891 0.978051 124.795 -0.327196  467.836 1.00062 138.106 -0.575424  
583  467.669 0.998586 158.887 0.393004  467.818 1.00573 131.681 -0.0978989  467.862 0.979315 127.077 -0.578945  467.577 0.99862 147.375 -0.10696  
584  467.646 0.981811 131.65 -0.0886666  467.475 1.01422 168.012 0.288717  467.66 0.994408 170.612 0.126985  467.832 1.00352 136.22 -0.27099  
585  467.912 0.988934 137.435 -0.376352  467.91 1.00458 123.333 -0.315774  467.527 0.981079 125.945 -0.30674  467.474 0.997204 171.991 -0.0166526  
586  468.012 1.00247 130.011 0.0167953  466.563 1.02266 126.327 -0.372694  467.724 0.994269 176.899 0.0636118  468.016 1.00813 126.429 0.13183  
587  467.917 0.988825 139.681 -0.494896  467.564 0.997059 152.921 -0.0241347  467.602 0.98483 137.548 0.0270958  467.864 1.00159 135.193 -0.390911  
588  467.794 0.985782 134.863 -0.187267  467.598 0.997576 177.047 0.0638184  467.953 0.957804 135.561 -0.388699  467.69 0.986418 132.788 0.23719  
589  467.807 0.978652 128.947 -0.00368792  467.513 0.990398 143.411 1.12465  468.022 0.972983 131.215 0.0422132  467.356 0.992033 173.828 0.810525  
590  468.024 0.987708 130.944 -0.490194  467.95 1.00469 117.819 -0.22001  467.588 0.966857 166.482 0.387176  467.724 0.97838 124.492 -0.0745583  
591  467.715 0.995496 156.613 0.0907594  467.931 1.00656 120.651 -0.0421941  467.961 0.969846 134.675 0.759401  467.808 1.0053 124.163 -0.0182804  
592  467.637 0.990168 136.183 -1.07433  467.655 0.999418 149.49 -0.161657  468.106 0.976683 115.312 -0.458033  467.501 0.993735 173.056 0.470417  
593  467.944 1.00505 124.782 -0.0556679  467.96 1.00822 123.91 0.196978  467.903 0.986695 128.412 -0.364073  467.52 0.99578 161.079 0.200468  
594  467.875 1.00635 134.413 -0.0955309  467.757 1.02071 131.791 -0.681241  467.984 0.976795 119.018 -0.429535  467.647 0.993849 167.807 0.178613  
595  467.77 0.994755 163.806 0.0533472  467.752 1.00141 135.902 -0.193796  467.936 0.970844 137.56 0.186477  467.219 0.990858 153.291 1.62045  
596  467.674 0.98139 126.908 -0.11995  467.552 0.993113 171.311 0.303777  467.863 0.969601 140.243 0.912085  467.544 0.9656 167.964 0.261732  
597  468.008 1.00295 126.131 0.115926  467.739 1.02128 129.991 -0.402037  467.92 0.989208 133.218 -0.743425  467.606 1.01394 156.886 0.188521  
598  467.891 1.00998 141.174 -0.768817  467.564 1.01822 149.316 -0.0358289  468.035 0.986556 125.383 -0.455736  467.599 1.01487 160.42 -0.0219302  
599  468.046 0.988863 128.038 -0.885588  467.338 0.998428 164.12 -0.152867  467.817 0.974914 128.645 0.122379  467.313 0.990721 153.855 1.38915  
600  467.527 0.992959 177.341 -0.0109799  467.615 0.999541 150.138 -0.355922  467.956 0.987541 132.796 -0.401204  467.589 0.98372 126.67 0.31527  
601  468.196 1.00645 118.878 -0.674474  467.589 1.01969 142.055 -0.212647  467.683 0.983665 133.533 -0.0688712  467.763 1.00037 141.574 -0.338366  
602  467.741 0.991786 167.337 -0.0163795  467.591 1.01573 169.606 -0.00533719  467.761 0.985206 134.021 -0.1434  467.525 0.998576 162.738 -0.0976623  
603  467.691 0.994258 176.592 0.130087  467.671 1.02042 139.197 -0.0440122  467.501 0.991851 179.874 -0.048607  467.797 1.00974 131.641 0.691459  
604  468.018 0.988641 127.737 -0.801299  467.925 1.02978 134.996 0.557415  467.992 0.987651 128.881 -0.584452  467.522 0.998421 164.719 -0.0767414  
605  467.751 0.965216 177.101 0.0498145  467.603 0.996989 157.224 -0.0150549  467.263 0.961556 171.353 -0.0972574  467.256 0.991441 170.04 1.12676  
606  467.442 0.98309 145.405 0.0182168  467.461 1.01123 160.966 0.660816  467.549 0.968006 166.252 0.636011  467.764 1.00253 130.982 -0.150404  
607  467.369 0.990901 151.613 -0.486047  467.489 1.01843 153.74 -0.0660763  467.552 0.981437 128.61 -0.189906  467.97 1.0055 120.26 -0.166618  
608  467.957 0.97575 120.273 -0.0617401  467.658 0.996705 169.972 -0.00412996  467.736 0.980401 127.02 -0.180275  467.822 0.974391 130.135 -0.298883  
609  467.8 0.969264 151.358 0.149403  467.659 0.975851 129.311 0.0140811  467.569 0.960124 148.837 -0.451574  467.561 0.968527 158.366 -0.166911  
610  467.663 0.982447 132.921 -0.0614121  467.618 0.978155 125.857 -0.0541734  468.032 0.973865 118.433 0.00789091  467.76 0.974571 129.677 -0.0407967  
611  467.681 0.982241 135.941 0.0194534  467.828 0.989122 132.224 0.579511  467.65 0.969131 151.903 0.972808  467.935 0.972401 133.269 -0.541222  
612  468.083 0.972419 129.383 0.0839517  467.828 0.978663 125.619 0.143482  467.879 0.952871 142.23 -0.0109987  467.336 0.959991 131.51 1.77644  
613  468.006 0.956951 129.134 -0.386324  467.924 0.97266 136.088 -0.382462  467.992 0.95594 128.982 -0.236879  467.508 0.96713 172.539 -0.0220005  
614  467.688 0.980307 129.108 -0.336952  467.533 0.968138 160.551 -0.0894245  468.212 0.951755 131.114 0.141255  467.724 0.977008 127.648 -0.0922371  
615  467.681 0.966635 172.236 0.19086  467.452 0.983649 137.111 0.598011  467.682 0.948022 162.219 0.396771  467.684 0.965099 174.887 0.0825837  
616  467.854 0.957726 136.754 -0.108719  467.79 0.986883 126.509 0.250123  467.689 0.94831 172.782 0.390799  467.536 0.959828 137.351 1.05815  
617  467.894 0.977645 118.253 -0.112695  467.656 0.99577 162.83 -0.0104355  467.965 0.97837 114.589 -0.430915  467.739 0.97802 126.285 -0.0536288  
618  467.852 0.976618 125.891 -0.0030951  466.392 0.984249 124.953 0.319549  467.524 0.967304 169.045 0.431285  467.801 0.973927 133.16 -0.243199  
619  467.647 0.967535 170.958 0.371011  467.491 0.964234 183.049 0.352738  467.362 0.960418 153.295 -0.503302  467.908 0.970898 149.001 -0.472367  
620  467.918 0.969831 140.934 0.583206  467.611 0.984617 128.334 0.309796  467.187 0.96164 175.242 -0.0907089  467.921 0.971967 135.409 -0.476178  
621  467.846 0.989584 141.415 -0.744433  467.673 0.995098 172.475 0.0634238  467.56 0.963321 183.203 -0.00307978  467.492 0.966941 168.207 0.0714959  
622  467.621 0.96652 168.95 0.406539  467.886 0.972263 134.729 -0.314007  467.61 0.959845 146.457 -0.685903  467.66 0.965752 170.9 0.0841217  
623  467.23 0.940781 168.828 -0.218421  467.949 0.950106 153.886 -0.829961  467.972 0.952766 133.407 -0.0144852  467.675 0.938983 131.754 0.686039  
624  467.654 0.992428 173.931 -0.0135908  467.243 0.99165 172.1 1.10679  467.643 0.983691 128.601 -0.102652  467.875 0.970942 144.223 -0.380224  
625  468.067 0.970914 135.115 0.290411  467.682 0.980392 130.359 0.194683  467.781 0.964552 175.035 -0.00346757  467.194 0.96141 185.884 1.14202  
626  468.022 0.988444 134.937 -0.608402  467.676 0.98532 125.76 0.220704  467.604 0.95989 142.337 -0.628197  467.699 0.981234 129.259 0.0819252  
627  467.605 0.965977 143.962 0.213619  467.856 0.983677 119.666 -0.183575  467.819 0.955962 122.962 -0.186665  467.633 0.965416 153.576 0.0535744  
628  467.774 0.979814 119.8 -0.498225  467.842 0.980455 117.92 -0.446642  467.63 0.969214 142.088 1.25276  467.855 0.98149 119.358 -0.299805  
629  467.974 0.956578 129.346 -0.271168  467.398 0.959989 130.915 1.49788  467.925 0.952165 145.783 0.00627161  467.042 0.962894 183.15 1.31897  
630  467.896 0.954639 136.32 -0.0724773  467.456 0.96364 166.755 0.48465  467.993 0.950683 141.205 0.107174  467.378 0.943803 183.435 0.646361  
631  467.975 0.973345 127.007 -0.000641855  467.821 0.972201 140.207 -0.176686  467.515 0.964146 166.19 0.103596  467.698 0.975678 135.612 -0.105198  
632  467.705 0.965708 166.593 0.14561  467.644 0.969343 158.533 -0.212974  468.093 0.953443 131.305 -0.0353536  467.557 0.963525 177.686 0.332644  
633  467.758 0.990002 145.167 -0.652204  467.648 0.995174 163.739 0.0559874  468.319 0.972475 117.325 0.0960994  467.591 0.983998 131.982 0.347555  
634  467.674 0.965541 157.52 0.131444  467.661 0.982086 122.694 0.206292  467.407 0.968068 157.077 0.919733  467.978 0.977382 111.597 -0.0132157  
635  467.617 0.991316 154.45 -0.113136  467.516 0.994706 158.196 0.39044  468.148 0.970271 126.053 0.70361  467.862 0.974519 121.95 -0.287904  
636  467.657 0.980559 123.139 -0.328674  467.601 0.996355 149.371 0.122241  467.934 0.969967 138.131 0.798767  468.017 0.971585 134.636 -0.811388  
637  467.739 0.980653 117.216 -0.197316  468.017 1.00906 123.814 0.460184  467.918 0.976635 117.994 -0.0553847  467.749 0.979156 112.458 0.316662  
638  467.646 0.981387 121.164 -0.14431  467.424 0.996942 149.353 -0.0434897  467.709 0.969034 129.496 0.907115  467.555 0.966871 145.084 0.138379  
639  467.866 0.949283 147.847 0.880491  467.346 0.965138 167.608 0.70907  467.282 0.960453 145.573 -0.599429  467.454 0.966142 170.698 0.44771  
